      1.66289000     60.00259886     10.10311385     15.00000000       .00247020       .00000000      3.07332160       .04882512
      1.66289000     60.00256631     10.00309522     14.88281250       .00252009       .00000000      3.07324242      -.41184934
      1.66289000     60.00253376      9.90307659     14.76562500       .00257151       .00000000      3.07316156      -.88188839
      1.66289000     60.00250121      9.80305796     14.64843750       .00262453       .00000000      3.07307896     -1.36158121
      1.66289000     60.00246866      9.70303934     14.53125000       .00267920       .00000000      3.07299456      4.43195626
      1.66289000     60.00243610      9.60302071     14.41406250       .00273560       .00000000      3.07290830      3.93203944
      1.66289000     60.00240355      9.50300208     14.29687500       .00279381       .00000000      3.07282013      3.42152632
      1.66289000     60.00237100      9.40298345     14.17968750       .00285389       .00000000      3.07272997      2.90007549
      1.66289000     60.00233845      9.30296482     14.06250000       .00291594       .00000000      3.07263776      2.36733064
      1.66289000     60.00230589      9.20294620     13.94531250       .00298004       .00000000      3.07254342      1.82291980
      1.66289000     60.00227334      9.10292757     13.82812500       .00304628       .00000000      3.07244689      1.26645443
      1.66289000     60.00224079      9.00290894     13.71093750       .00311476       .00000000      3.07234809       .69752849
      1.66289000     60.00220824      8.90289031     13.59375000       .00318558       .00000000      3.07224692       .11571743
      1.66289000     60.00217569      8.80287169     13.47656250       .00325884       .00000000      3.07214331      -.47942284
      1.66289000     60.00214313      8.70285306     13.35937500       .00333467       .00000000      3.07203718     -1.08835714
      1.66289000     60.00211058      8.60283443     13.24218750       .00341318       .00000000      3.07192841      4.57161309
      1.66289000     60.00207803      8.50281580     13.12500000       .00349451       .00000000      3.07181692      3.93360723
      1.66289000     60.00204548      8.40279717     13.00781250       .00357878       .00000000      3.07170259      3.28027594
      1.66289000     60.00201293      8.30277855     12.89062500       .00366615       .00000000      3.07158533      2.61105837
      1.66289000     60.00198037      8.20275992     12.77343750       .00375676       .00000000      3.07146501      1.92536592
      1.66289000     60.00194782      8.10274129     12.65625000       .00385079       .00000000      3.07134151      1.22258039
      1.66289000     60.00191527      8.00272266     12.53906250       .00394839       .00000000      3.07121471       .50205218
      1.66289000     60.00188272      7.90270404     12.42187500       .00404977       .00000000      3.07108447      -.23690178
      1.66289000     60.00185017      7.80268541     12.30468750       .00415511       .00000000      3.07095065      -.99500024
      1.66289000     60.00181761      7.70266678     12.18750000       .00426463       .00000000      3.07081309      4.51018537
      1.66289000     60.00178506      7.60264815     12.07031250       .00437855       .00000000      3.07067165      3.71148710
      1.66289000     60.00175251      7.50262952     11.95312500       .00449711       .00000000      3.07052614      2.89124956
      1.66289000     60.00171996      7.40261090     11.83593750       .00462056       .00000000      3.07037639      2.04858573
      1.66289000     60.00168741      7.30259227     11.71875000       .00474919       .00000000      3.07022221      1.18255898
      1.66289000     60.00165485      7.20257364     11.60156250       .00488328       .00000000      3.07006341       .29217955
      1.66289000     60.00162230      7.10255501     11.48437500       .00502315       .00000000      3.06989976      -.62359931
      1.66289000     60.00158975      7.00253639     11.36718750       .00516913       .00000000      3.06973105     -1.56588547
      1.66289000     60.00155720      6.90251776     11.25000000       .00532160       .00000000      3.06955703      3.74733278
      1.66289000     60.00152464      6.80249913     11.13281250       .00548094       .00000000      3.06937745      2.74844058
      1.66289000     60.00149209      6.70248050     11.01562500       .00564757       .00000000      3.06919203      1.71930287
      1.66289000     60.00145954      6.60246187     10.89843750       .00582194       .00000000      3.06900049       .65851726
      1.66289000     60.00142699      6.50244325     10.78125000       .00600455       .00000000      3.06880250      -.43540719
      1.66289000     60.00139444      6.40242462     10.66406250       .00619593       .00000000      3.06859775     -1.56405711
      1.66289000     60.00136188      6.30240599     10.54687500       .00639664       .00000000      3.06838587      3.55406266
      1.66289000     60.00132933      6.20238736     10.42968750       .00660731       .00000000      3.06816649      2.35077918
      1.66289000     60.00129678      6.10236874     10.31250000       .00682860       .00000000      3.06793919      1.10735374
      1.66289000     60.00126423      6.00235011     10.19531250       .00706126       .00000000      3.06770353      -.17826984
      1.66289000     60.00123168      5.90233148     10.07812500       .00730607       .00000000      3.06745905     -1.50829160
      1.66289000     60.00119912      5.80231285      9.96093750       .00756390       .00000000      3.06720522      3.39811703
      1.66289000     60.00116657      5.70229422      9.84375000       .00783570       .00000000      3.06694152      1.97205770
      1.66289000     60.00113402      5.60227560      9.72656250       .00812249       .00000000      3.06666733       .49400105
      1.66289000     60.00110147      5.50225697      9.60937500       .00842542       .00000000      3.06638201     -1.03897224
      1.66289000     60.00106892      5.40223834      9.49218750       .00874571       .00000000      3.06608488      3.65317935
      1.66289000     60.00103636      5.30221971      9.37500000       .00908473       .00000000      3.06577516      2.00069478
      1.66289000     60.00100381      5.20220109      9.25781250       .00944398       .00000000      3.06545205       .28309744
      1.66289000     60.00097126      5.10218246      9.14062500       .00982510       .00000000      3.06511464     -1.50357407
      1.66289000     60.00093871      5.00216383      9.02343750       .01022994       .00000000      3.06476194      2.91957313
      1.66289000     60.00090616      4.90214520      8.90625000       .01066050       .00000000      3.06439290       .98150940
      1.66289000     60.00087360      4.80212657      8.78906250       .01111903       .00000000      3.06400632     -1.03964603
      1.66289000     60.00084105      4.70210795      8.67187500       .01160803       .00000000      3.06360092      3.13377314
      1.66289000     60.00080850      4.60208932      8.55468750       .01213028       .00000000      3.06317527       .92937209
      1.66289000     60.00077595      4.50207069      8.43750000       .01268888       .00000000      3.06272780     -1.37625312
      1.66289000     60.00074339      4.40205206      8.32031250       .01328733       .00000000      3.06225675      2.49285994
      1.66289000     60.00071084      4.30203344      8.20312500       .01392954       .00000000      3.06176021      -.03759479
      1.66289000     60.00067829      4.20201481      8.08593750       .01461993       .00000000      3.06123599      3.59001407
      1.66289000     60.00064574      4.10199618      7.96875000       .01536348       .00000000      3.06068171       .79966714
      1.66289000     60.00061319      4.00197755      7.85156250       .01616586       .00000000      3.06009464      4.14705364
      1.66289000     60.00058063      3.90195893      7.73437500       .01703352       .00000000      3.05947175      1.05394495
      1.66289000     60.00054808      3.80194030      7.61718750       .01797382       .00000000      3.05880959      4.07350812
      1.66289000     60.00051553      3.70192167      7.50000000       .01899520       .00000000      3.05810428       .62462386
      1.66289000     60.00048298      3.60190304      7.38281250       .02010739       .00000000      3.05735137      3.25713244
      1.66289000     60.00045043      3.50188441      7.26562500       .02132163       .00000000      3.05654578      -.61393088
      1.66289000     60.00041787      3.40186579      7.14843750       .02265101       .00000000      3.05568168      1.55680818
      1.66289000     60.00038532      3.30184716      7.03125000       .02411078       .00000000      3.05475230      3.46235733
      1.66289000     60.00035277      3.20182853      6.91406250       .02571888       .00000000      3.05374980     -1.20758260
      1.66289000     60.00032022      3.10180990      6.79687500       .02749648       .00000000      3.05266499       .08233092
      1.66289000     60.00028767      3.00179128      6.67968750       .02946875       .00000000      3.05148704      1.01322124
      1.66289000     60.00025511      2.90177265      6.56250000       .03166579       .00000000      3.05020310      1.54380217
      1.66289000     60.00022256      2.80175402      6.44531250       .03412391       .00000000      3.04879778      1.62602337
      1.66289000     60.00019001      2.70173539      6.32812500       .03688723       .00000000      3.04725251      1.20358784
      1.66289000     60.00015746      2.60171676      6.21093750       .04000982       .00000000      3.04554460       .21005198
      1.66289000     60.00012491      2.50169814      6.09375000       .04355865       .00000000      3.04364610     -1.43363902
      1.66289000     60.00009235      2.40167951      5.97656250       .04761751       .00000000      3.04152202      2.46079461
      1.66289000     60.00005980      2.30166088      5.85937500       .05229257       .00000000      3.03912805      -.78809497
      1.66289000     60.00002725      2.20164225      5.74218750       .05772016       .00000000      3.03640710      1.24495585
      1.66289000     59.99999470      2.10162363      5.62500000       .06407802       .00000000      3.03328421      2.10153716
      1.66289000     59.99996214      2.00160500      5.50781250       .07160211       .00000000      3.02965882      1.56091175
      1.66289000     59.99992959      1.90158637      5.39062500       .08061198       .00000000      3.02539253      -.65959334
      1.66289000     59.99989704      1.80156774      5.27343750       .09155088       .00000000      3.02028901      1.35432594
      1.66289000     59.99986449      1.70154911      5.15625000       .10505107       .00000000      3.01405932       .82752745
      1.66289000     59.99983194      1.60153049      5.03906250       .12204523       .00000000      3.00625852      3.37057726
      1.66289000     59.99979938      1.50151186      4.92187500       .14396612       .00000000      2.99616152      1.75491525
      1.66289000     59.99976683      1.40149323      4.80468750       .17312517       .00000000      2.98249758       .89812791
      1.66289000     59.99973428      1.30147460      4.68750000       .21346956       .00000000      2.96281896     -1.19956947
      1.66289000     59.99970173      1.20145598      4.57031250       .27209440       .00000000      2.93181164      -.99428739
      1.66289000     59.99966918      1.10143735      4.45312500       .36111372       .00000000      2.87656834      -.12761970
      1.66289000     59.99963662      1.00141872      4.33593750       .48661207       .00000000      2.77126478      2.91403739
      1.66289000     59.99960407       .90140009      4.21875000       .60453947       .00000000      2.61814790      1.85245904
      1.66289000     59.99957152       .80138146      4.10156250       .68097589       .00000000      2.46480616      -.62118382
      1.66289000     59.99953897       .70136284      3.98437500       .72996952       .00000000      2.32657971      2.00445503
      1.66289000     59.99950642       .60134421      3.86718750       .76422202       .00000000      2.20109340      3.34204941
      1.66289000     59.99947386       .50132558      3.75000000       .78997806       .00000000      2.08477992      4.42322644
      1.66289000     59.99944131       .40130695      3.63281250       .81039984       .00000000      1.97495458      2.81038794
      1.66289000     59.99940876       .30128833      3.51562500       .82723718       .00000000      1.86967030      3.50700414
      1.66289000     59.99937621       .20126970      3.39843750       .84153795       .00000000      1.76745312      -.51245197
      1.66289000     59.99934366       .10125107      3.28125000       .85397073       .00000000      1.66711438      2.85126501
      1.66289000     59.99931110       .00123244      3.16406250       .86498371       .00000000      1.56762341       .71604650
      1.66289000     59.99927855      -.09878619      3.04687500       .87488869       .00000000      1.46801322      -.86394579
      1.66289000     59.99924600      -.19880481      2.92968750       .88390736       .00000000      1.36729791      4.21459653
      1.66289000     59.99921345      -.29882344      2.81250000       .89219667       .00000000      1.26438293      3.22926643
      1.66289000     59.99918089      -.39884207      2.69531250       .89985981       .00000000      1.15794421      2.30932847
      1.66289000     59.99914834      -.49886070      2.57812500       .90694223       .00000000      1.04623343      1.27656515
      1.66289000     59.99911579      -.59887932      2.46093750       .91340019       .00000000       .92671216      -.11763302
      1.66289000     59.99908324      -.69889795      2.34375000       .91899085       .00000000       .79524784      3.98174712
      1.66289000     59.99905069      -.79891658      2.22656250       .92284049       .00000000       .64393769       .04867588
      1.66289000     59.99901813      -.89893521      2.10937500       .92079924       .00000000       .45270464      3.59574224
      1.66289000     59.99898558      -.99895384      1.99218750       .80544438       .00000000       .11085642       .24879449
      1.66289000     59.99895303     -1.09897246      1.87500000       .41286820       .00000000       .01298393      2.67919513
      1.66289000     59.99892048     -1.19899109      1.75781250       .28890555       .00000000      -.00019278     -1.11941917
      1.66289000     59.99888793     -1.29900972      1.64062500       .22098536       .00000000      -.00746700     -1.14114075
      1.66289000     59.99885537     -1.39902835      1.52343750       .17715217       .00000000      -.01252859      3.28177762
      1.66289000     59.99882282     -1.49904697      1.40625000       .14638599       .00000000      -.01641066      -.96499946
      1.66289000     59.99879027     -1.59906560      1.28906250       .12361881       .00000000      -.01955136      1.58074366
      1.66289000     59.99875772     -1.69908423      1.17187500       .10613514       .00000000      -.02217934      2.69148898
      1.66289000     59.99872517     -1.79910286      1.05468750       .09233138       .00000000      -.02443000      1.14335264
      1.66289000     59.99869261     -1.89912149       .93750000       .08119385       .00000000      -.02639070      2.39821069
      1.66289000     59.99866006     -1.99914011       .82031250       .07204831       .00000000      -.02812133      -.40493924
      1.66289000     59.99862751     -2.09915874       .70312500       .06442826       .00000000      -.02966489     -1.40450356
      1.66289000     59.99859496     -2.19917737       .58593750       .05800053       .00000000      -.03105340      -.91714218
      1.66289000     59.99856241     -2.29919600       .46875000       .05252080       .00000000      -.03231137       .81359539
      1.66289000     59.99852985     -2.39921462       .35156250       .04780599       .00000000      -.03345801      3.59665189
      1.66289000     59.99849730     -2.49923325       .23437500       .04371626       .00000000      -.03450864       .99643128
      1.66289000     59.99846475     -2.59925188       .11718750       .04014309       .00000000      -.03547574      -.82722632
      1.66289000     59.99843220     -2.69927051       .00000000       .03700102       .00000000      -.03636956      4.30778338
      1.66289000     59.99839964     -2.79928913      -.11718750       .03422193       .00000000      -.03719863      3.75133718
      1.66289000     59.99836709     -2.89930776      -.23437500       .03175087       .00000000      -.03797016      3.71654512
      1.66289000     59.99833454     -2.99932639      -.35156250       .02954312       .00000000      -.03869023      4.14426230
      1.66289000     59.99830199     -3.09934502      -.46875000       .02756191       .00000000      -.03936410     -1.29900895
      1.66289000     59.99826944     -3.19936365      -.58593750       .02577678       .00000000      -.03999627      -.09000155
      1.66289000     59.99823688     -3.29938227      -.70312500       .02416228       .00000000      -.04059065      1.45093258
      1.66289000     59.99820433     -3.39940090      -.82031250       .02269704       .00000000      -.04115068      3.29155641
      1.66289000     59.99817178     -3.49941953      -.93750000       .02136296       .00000000      -.04167935      -.87942840
      1.66289000     59.99813923     -3.59943816     -1.05468750       .02014464       .00000000      -.04217932      1.47970947
      1.66289000     59.99810668     -3.69945678     -1.17187500       .01902891       .00000000      -.04265294      4.06409006
      1.66289000     59.99807412     -3.79947541     -1.28906250       .01800444       .00000000      -.04310231       .57134413
      1.66289000     59.99804157     -3.89949404     -1.40625000       .01706142       .00000000      -.04352929      3.55081073
      1.66289000     59.99800902     -3.99951267     -1.52343750       .01619136       .00000000      -.04393556       .42094221
      1.66289000     59.99797647     -4.09953130     -1.64062500       .01538685       .00000000      -.04432264      3.73453756
      1.66289000     59.99794392     -4.19954992     -1.75781250       .01464141       .00000000      -.04469187       .91305037
      1.66289000     59.99791136     -4.29956855     -1.87500000       .01394933       .00000000      -.04504451      4.51189422
      1.66289000     59.99787881     -4.39958718     -1.99218750       .01330561       .00000000      -.04538166      1.95480956
      1.66289000     59.99784626     -4.49960581     -2.10937500       .01270580       .00000000      -.04570435      -.48396760
      1.66289000     59.99781371     -4.59962443     -2.22656250       .01214597       .00000000      -.04601350      3.47062815
      1.66289000     59.99778116     -4.69964306     -2.34375000       .01162261       .00000000      -.04630997      1.24484077
      1.66289000     59.99774860     -4.79966169     -2.46093750       .01113261       .00000000      -.04659453      -.88487740
      1.66289000     59.99771605     -4.89968032     -2.57812500       .01067316       .00000000      -.04686791      3.35850723
      1.66289000     59.99768350     -4.99969895     -2.69531250       .01024177       .00000000      -.04713075      1.40299160
      1.66289000     59.99765095     -5.09971757     -2.81250000       .00983618       .00000000      -.04738367      -.47340627
      1.66289000     59.99761839     -5.19973620     -2.92968750       .00945436       .00000000      -.04762722      4.00774929
      1.66289000     59.99758584     -5.29975483     -3.04687500       .00909447       .00000000      -.04786192      2.27571400
      1.66289000     59.99755329     -5.39977346     -3.16406250       .00875487       .00000000      -.04808826       .60963868
      1.66289000     59.99752074     -5.49979208     -3.28125000       .00843404       .00000000      -.04830668      -.99420449
      1.66289000     59.99748819     -5.59981071     -3.39843750       .00813062       .00000000      -.04851759      3.74391987
      1.66289000     59.99745563     -5.69982934     -3.51562500       .00784337       .00000000      -.04872138      2.25444346
      1.66289000     59.99742308     -5.79984797     -3.63281250       .00757115       .00000000      -.04891840       .81758335
      1.66289000     59.99739053     -5.89986660     -3.75000000       .00731292       .00000000      -.04910900      -.56941957
      1.66289000     59.99735798     -5.99988522     -3.86718750       .00706775       .00000000      -.04929348      4.37405174
      1.66289000     59.99732543     -6.09990385     -3.98437500       .00683475       .00000000      -.04947214      3.07923300
      1.66289000     59.99729287     -6.19992248     -4.10156250       .00661314       .00000000      -.04964525      1.82707570
      1.66289000     59.99726032     -6.29994111     -4.21875000       .00640218       .00000000      -.04981307       .61549271
      1.66289000     59.99722777     -6.39995973     -4.33593750       .00620119       .00000000      -.04997584      -.55746835
      1.66289000     59.99719522     -6.49997836     -4.45312500       .00600956       .00000000      -.05013379      4.58954946
      1.66289000     59.99716267     -6.59999699     -4.57031250       .00582671       .00000000      -.05028713      3.48846139
      1.66289000     59.99713011     -6.70001562     -4.68750000       .00565211       .00000000      -.05043606      2.42084403
      1.66289000     59.99709756     -6.80003425     -4.80468750       .00548527       .00000000      -.05058076      1.38518608
      1.66289000     59.99706501     -6.90005287     -4.92187500       .00532574       .00000000      -.05072143       .38006631
      1.66289000     59.99703246     -7.00007150     -5.03906250       .00517309       .00000000      -.05085822      -.59585303
      1.66289000     59.99699991     -7.10009013     -5.15625000       .00502693       .00000000      -.05099130     -1.54383233
      1.66289000     59.99696735     -7.20010876     -5.27343750       .00488689       .00000000      -.05112081      3.81812519
      1.66289000     59.99693480     -7.30012738     -5.39062500       .00475265       .00000000      -.05124690      2.92252713
      1.66289000     59.99690225     -7.40014601     -5.50781250       .00462388       .00000000      -.05136971      2.05149918
      1.66289000     59.99686970     -7.50016464     -5.62500000       .00450028       .00000000      -.05148935      1.20403956
      1.66289000     59.99683714     -7.60018327     -5.74218750       .00438160       .00000000      -.05160596       .37920048
      1.66289000     59.99680459     -7.70020190     -5.85937500       .00426755       .00000000      -.05171964      -.42391554
      1.66289000     59.99677204     -7.80022052     -5.97656250       .00415792       .00000000      -.05183051     -1.20615890
      1.66289000     59.99673949     -7.90023915     -6.09375000       .00405247       .00000000      -.05193867      4.31484928
      1.66289000     59.99670694     -8.00025778     -6.21093750       .00395099       .00000000      -.05204422      3.57197313
      1.66289000     59.99667438     -8.10027641     -6.32812500       .00385328       .00000000      -.05214725      2.84767127
      1.66289000     59.99664183     -8.20029503     -6.44531250       .00375916       .00000000      -.05224785      2.14125318
      1.66289000     59.99660928     -8.30031366     -6.56250000       .00366846       .00000000      -.05234612      1.45206224
      1.66289000     59.99657673     -8.40033229     -6.67968750       .00358101       .00000000      -.05244211       .77947372
      1.66289000     59.99654418     -8.50035092     -6.79687500       .00349665       .00000000      -.05253593       .12289284
      1.66289000     59.99651162     -8.60036955     -6.91406250       .00341525       .00000000      -.05262764      -.51824703
      1.66289000     59.99647907     -8.70038817     -7.03125000       .00333666       .00000000      -.05271730     -1.14448599
      1.66289000     59.99644652     -8.80040680     -7.14843750       .00326077       .00000000      -.05280500      4.52684614
      1.66289000     59.99641397     -8.90042543     -7.26562500       .00318743       .00000000      -.05289079      3.92888715
      1.66289000     59.99638142     -9.00044406     -7.38281250       .00311655       .00000000      -.05297473      3.34435300
      1.66289000     59.99634886     -9.10046268     -7.50000000       .00304801       .00000000      -.05305689      2.77279526
      1.66289000     59.99631631     -9.20048131     -7.61718750       .00298171       .00000000      -.05313732      2.21378536
      1.66289000     59.99628376     -9.30049994     -7.73437500       .00291756       .00000000      -.05321607      1.66691340
      1.66289000     59.99625121     -9.40051857     -7.85156250       .00285546       .00000000      -.05329320      1.13178723
      1.66289000     59.99621866     -9.50053720     -7.96875000       .00279532       .00000000      -.05336876       .60803144
      1.66289000     59.99618610     -9.60055582     -8.08593750       .00273707       .00000000      -.05344279       .09528649
      1.66289000     59.99615355     -9.70057445     -8.20312500       .00268062       .00000000      -.05351534      -.40679212
      1.66289000     59.99612100     -9.80059308     -8.32031250       .00262590       .00000000      -.05358646      -.89853463
      1.66289000     59.99608845     -9.90061171     -8.43750000       .00257285       .00000000      -.05365619     -1.38025774
      1.66289000     59.99605589    -10.00063033     -8.55468750       .00252139       .00000000      -.05372456      4.43091997
      1.66289000     59.99602334    -10.10064896     -8.67187500       .00247146       .00000000      -.05379162      3.96833621
      1.66289000     59.99599079    -10.20066759     -8.78906250       .00242300       .00000000      -.05385740      3.51489620
      1.66289000     59.99595824    -10.30068622     -8.90625000       .00237595       .00000000      -.05392195      3.07033086
      1.66289000     59.99592569    -10.40070484     -9.02343750       .00233027       .00000000      -.05398529      2.63438160
      1.66289000     59.99589313    -10.50072347     -9.14062500       .00228589       .00000000      -.05404746      2.20679978
      1.66289000     59.99586058    -10.60074210     -9.25781250       .00224277       .00000000      -.05410849      1.78734629
      1.66289000     59.99582803    -10.70076073     -9.37500000       .00220086       .00000000      -.05416841      1.37579103
      1.66289000     59.99579548    -10.80077936     -9.49218750       .00216011       .00000000      -.05422725       .97191254
      1.66289000     59.99576293    -10.90079798     -9.60937500       .00212049       .00000000      -.05428505       .57549758
      1.66289000     59.99573037    -11.00081661     -9.72656250       .00208195       .00000000      -.05434183       .18634074
      1.66289000     59.99569782    -11.10083524     -9.84375000       .00204445       .00000000      -.05439761      -.19575589
      1.66289000     59.99566527    -11.20085387     -9.96093750       .00200796       .00000000      -.05445242      -.57098309
      1.66289000     59.99563272    -11.30087249    -10.07812500       .00197243       .00000000      -.05450629      -.93952482
      1.66289000     59.99560017    -11.40089112    -10.19531250       .00193785       .00000000      -.05455924     -1.30155849
      1.66289000     59.99556761    -11.50090975    -10.31250000       .00190416       .00000000      -.05461130      4.62593000
      1.66289000     59.99553506    -11.60092838    -10.42968750       .00187135       .00000000      -.05466248      4.27640481
      1.66289000     59.99550251    -11.70094701    -10.54687500       .00183938       .00000000      -.05471281      3.93289172
      1.66289000     59.99546996    -11.80096563    -10.66406250       .00180822       .00000000      -.05476231      3.59523667
      1.66289000     59.99543741    -11.90098426    -10.78125000       .00177785       .00000000      -.05481101      3.26329082
      1.66289000     59.99540485    -12.00100289    -10.89843750       .00174824       .00000000      -.05485891      2.93691034
      1.66289000     59.99537230    -12.10102152    -11.01562500       .00171936       .00000000      -.05490604      2.61595621
      1.66289000     59.99533975    -12.20104014    -11.13281250       .00169119       .00000000      -.05495242      2.30029399
      1.66289000     59.99530720    -12.30105877    -11.25000000       .00166371       .00000000      -.05499807      1.98979366
      1.66289000     59.99527464    -12.40107740    -11.36718750       .00163690       .00000000      -.05504299      1.68432944
      1.66289000     59.99524209    -12.50109603    -11.48437500       .00161073       .00000000      -.05508722      1.38377960
      1.66289000     59.99520954    -12.60111466    -11.60156250       .00158518       .00000000      -.05513077      1.08802632
      1.66289000     59.99517699    -12.70113328    -11.71875000       .00156023       .00000000      -.05517364       .79695550
      1.66289000     59.99514444    -12.80115191    -11.83593750       .00153587       .00000000      -.05521587       .51045665
      1.66289000     59.99511188    -12.90117054    -11.95312500       .00151208       .00000000      -.05525745       .22842273
      1.66289000     59.99507933    -13.00118917    -12.07031250       .00148884       .00000000      -.05529842      -.04924996
      1.66289000     59.99504678    -13.10120779    -12.18750000       .00146613       .00000000      -.05533877      -.32266196
      1.66289000     59.99501423    -13.20122642    -12.30468750       .00144393       .00000000      -.05537853      -.59191072
      1.66289000     59.99498168    -13.30124505    -12.42187500       .00142224       .00000000      -.05541770      -.85709074
      1.66289000     59.99494912    -13.40126368    -12.53906250       .00140103       .00000000      -.05545630     -1.11829369
      1.66289000     59.99491657    -13.50128231    -12.65625000       .00138029       .00000000      -.05549435     -1.37560848
      1.66289000     59.99488402    -13.60130093    -12.77343750       .00136001       .00000000      -.05553185      4.65406391
      1.66289000     59.99485147    -13.70131956    -12.89062500       .00134018       .00000000      -.05556881      4.40426910
      1.66289000     59.99481892    -13.80133819    -13.00781250       .00132077       .00000000      -.05560526      4.15811111
      1.66289000     59.99478636    -13.90135682    -13.12500000       .00130179       .00000000      -.05564119      3.91551099
      1.66289000     59.99475381    -14.00137544    -13.24218750       .00128321       .00000000      -.05567662      3.67639205
      1.66289000     59.99472126    -14.10139407    -13.35937500       .00126502       .00000000      -.05571156      3.44067981
      1.66289000     59.99468871    -14.20141270    -13.47656250       .00124722       .00000000      -.05574602      3.20830190
      1.66289000     59.99465616    -14.30143133    -13.59375000       .00122980       .00000000      -.05578000      2.97918798
      1.66289000     59.99462360    -14.40144996    -13.71093750       .00121273       .00000000      -.05581353      2.75326967
      1.66289000     59.99459105    -14.50146858    -13.82812500       .00119602       .00000000      -.05584661      2.53048052
      1.66289000     59.99455850    -14.60148721    -13.94531250       .00117966       .00000000      -.05587924      2.31075588
      1.66289000     59.99452595    -14.70150584    -14.06250000       .00116362       .00000000      -.05591144      2.09403288
      1.66289000     59.99449339    -14.80152447    -14.17968750       .00114791       .00000000      -.05594322      1.88025037
      1.66289000     59.99446084    -14.90154309    -14.29687500       .00113252       .00000000      -.05597457      1.66934884
      1.66289000     59.99442829    -15.00156172    -14.41406250       .00111744       .00000000      -.05600552      1.46127038
      1.66289000     59.99439574    -15.10158035    -14.53125000       .00110265       .00000000      -.05603607      1.25595862
      1.66289000     59.99436319    -15.20159898    -14.64843750       .00108816       .00000000      -.05606623      1.05335869
      1.66289000     59.99433063    -15.30161761    -14.76562500       .00107395       .00000000      -.05609600       .85341715
      1.66289000     59.99429808    -15.40163623    -14.88281250       .00106002       .00000000      -.05612539       .65608198
