      1.66289000     60.00358208     10.10268330     15.00000000       .00247042       .00000000      3.07332130       .04754419
      1.66289000     60.00354953     10.00266814     14.88281250       .00252031       .00000000      3.07324212      -.41314700
      1.66289000     60.00351698      9.90265298     14.76562500       .00257174       .00000000      3.07316125      -.88320320
      1.66289000     60.00348443      9.80263782     14.64843750       .00262475       .00000000      3.07307864     -1.36291361
      1.66289000     60.00345188      9.70262266     14.53125000       .00267943       .00000000      3.07299424      4.43060581
      1.66289000     60.00341932      9.60260750     14.41406250       .00273584       .00000000      3.07290798      3.93067048
      1.66289000     60.00338677      9.50259234     14.29687500       .00279405       .00000000      3.07281980      3.42013836
      1.66289000     60.00335422      9.40257718     14.17968750       .00285414       .00000000      3.07272964      2.89866802
      1.66289000     60.00332167      9.30256202     14.06250000       .00291619       .00000000      3.07263742      2.36590313
      1.66289000     60.00328912      9.20254686     13.94531250       .00298030       .00000000      3.07254308      1.82147171
      1.66289000     60.00325656      9.10253170     13.82812500       .00304655       .00000000      3.07244655      1.26498518
      1.66289000     60.00322401      9.00251654     13.71093750       .00311503       .00000000      3.07234773       .69603749
      1.66289000     60.00319146      8.90250138     13.59375000       .00318586       .00000000      3.07224656       .11420407
      1.66289000     60.00315891      8.80248622     13.47656250       .00325913       .00000000      3.07214295      -.48095921
      1.66289000     60.00312635      8.70247107     13.35937500       .00333497       .00000000      3.07203681     -1.08991720
      1.66289000     60.00309380      8.60245591     13.24218750       .00341349       .00000000      3.07192803      4.57002865
      1.66289000     60.00306125      8.50244075     13.12500000       .00349482       .00000000      3.07181653      3.93199767
      1.66289000     60.00302870      8.40242559     13.00781250       .00357910       .00000000      3.07170221      3.27864050
      1.66289000     60.00299615      8.30241043     12.89062500       .00366648       .00000000      3.07158494      2.60939627
      1.66289000     60.00296359      8.20239527     12.77343750       .00375710       .00000000      3.07146461      1.92367631
      1.66289000     60.00293104      8.10238011     12.65625000       .00385113       .00000000      3.07134111      1.22086240
      1.66289000     60.00289849      8.00236495     12.53906250       .00394875       .00000000      3.07121430       .50030491
      1.66289000     60.00286594      7.90234979     12.42187500       .00405014       .00000000      3.07108405      -.23867930
      1.66289000     60.00283339      7.80233463     12.30468750       .00415549       .00000000      3.07095022      -.99680900
      1.66289000     60.00280083      7.70231947     12.18750000       .00426502       .00000000      3.07081266      4.50834432
      1.66289000     60.00276828      7.60230431     12.07031250       .00437895       .00000000      3.07067120      3.70961266
      1.66289000     60.00273573      7.50228915     11.95312500       .00449752       .00000000      3.07052568      2.88934058
      1.66289000     60.00270318      7.40227399     11.83593750       .00462099       .00000000      3.07037593      2.04664099
      1.66289000     60.00267063      7.30225883     11.71875000       .00474963       .00000000      3.07022174      1.18057721
      1.66289000     60.00263807      7.20224367     11.60156250       .00488373       .00000000      3.07006293       .29015940
      1.66289000     60.00260552      7.10222851     11.48437500       .00502361       .00000000      3.06989927      -.62565924
      1.66289000     60.00257297      7.00221335     11.36718750       .00516961       .00000000      3.06973055     -1.56798668
      1.66289000     60.00254042      6.90219819     11.25000000       .00532210       .00000000      3.06955652      3.74518873
      1.66289000     60.00250787      6.80218303     11.13281250       .00548145       .00000000      3.06937693      2.74625202
      1.66289000     60.00247531      6.70216787     11.01562500       .00564810       .00000000      3.06919150      1.71706805
      1.66289000     60.00244276      6.60215271     10.89843750       .00582249       .00000000      3.06899994       .65623433
      1.66289000     60.00241021      6.50213755     10.78125000       .00600512       .00000000      3.06880194      -.43774019
      1.66289000     60.00237766      6.40212239     10.66406250       .00619652       .00000000      3.06859718     -1.56644227
      1.66289000     60.00234510      6.30210723     10.54687500       .00639725       .00000000      3.06838529      3.55162314
      1.66289000     60.00231255      6.20209207     10.42968750       .00660794       .00000000      3.06816589      2.34828296
      1.66289000     60.00228000      6.10207691     10.31250000       .00682927       .00000000      3.06793857      1.10479833
      1.66289000     60.00224745      6.00206175     10.19531250       .00706195       .00000000      3.06770290      -.18088710
      1.66289000     60.00221490      5.90204660     10.07812500       .00730679       .00000000      3.06745840     -1.51097353
      1.66289000     60.00218234      5.80203144      9.96093750       .00756465       .00000000      3.06720456      3.39536742
      1.66289000     60.00214979      5.70201628      9.84375000       .00783648       .00000000      3.06694083      1.96923720
      1.66289000     60.00211724      5.60200112      9.72656250       .00812330       .00000000      3.06666662       .49110621
      1.66289000     60.00208469      5.50198596      9.60937500       .00842626       .00000000      3.06638129     -1.04194511
      1.66289000     60.00205214      5.40197080      9.49218750       .00874659       .00000000      3.06608413      3.65012450
      1.66289000     60.00201958      5.30195564      9.37500000       .00908565       .00000000      3.06577440      1.99755370
      1.66289000     60.00198703      5.20194048      9.25781250       .00944494       .00000000      3.06545126       .27986557
      1.66289000     60.00195448      5.10192532      9.14062500       .00982611       .00000000      3.06511382     -1.50690167
      1.66289000     60.00192193      5.00191016      9.02343750       .01023100       .00000000      3.06476110      2.91614451
      1.66289000     60.00188938      4.90189500      8.90625000       .01066161       .00000000      3.06439203       .97797400
      1.66289000     60.00185682      4.80187984      8.78906250       .01112020       .00000000      3.06400542     -1.04329444
      1.66289000     60.00182427      4.70186468      8.67187500       .01160926       .00000000      3.06359999      3.13000498
      1.66289000     60.00179172      4.60184952      8.55468750       .01213157       .00000000      3.06317430       .92547683
      1.66289000     60.00175917      4.50183436      8.43750000       .01269025       .00000000      3.06272679     -1.38028349
      1.66289000     60.00172662      4.40181920      8.32031250       .01328878       .00000000      3.06225571      2.48868572
      1.66289000     60.00169406      4.30180404      8.20312500       .01393107       .00000000      3.06175912      -.04192244
      1.66289000     60.00166151      4.20178888      8.08593750       .01462154       .00000000      3.06123487      3.58552249
      1.66289000     60.00162896      4.10177372      7.96875000       .01536520       .00000000      3.06068053       .79500006
      1.66289000     60.00159641      4.00175856      7.85156250       .01616769       .00000000      3.06009341      4.14219828
      1.66289000     60.00156385      3.90174340      7.73437500       .01703546       .00000000      3.05947046      1.04888721
      1.66289000     60.00153130      3.80172824      7.61718750       .01797589       .00000000      3.05880824      4.06823231
      1.66289000     60.00149875      3.70171308      7.50000000       .01899742       .00000000      3.05810286       .61911250
      1.66289000     60.00146620      3.60169792      7.38281250       .02010977       .00000000      3.05734988      3.25136601
      1.66289000     60.00143365      3.50168276      7.26562500       .02132419       .00000000      3.05654421      -.61997430
      1.66289000     60.00140109      3.40166760      7.14843750       .02265377       .00000000      3.05568001      1.55046308
      1.66289000     60.00136854      3.30165244      7.03125000       .02411376       .00000000      3.05475054      3.45568261
      1.66289000     60.00133599      3.20163728      6.91406250       .02572211       .00000000      3.05374793     -1.21461871
      1.66289000     60.00130344      3.10162212      6.79687500       .02750000       .00000000      3.05266299       .07489711
      1.66289000     60.00127089      3.00160697      6.67968750       .02947258       .00000000      3.05148490      1.00534802
      1.66289000     60.00123833      2.90159181      6.56250000       .03166999       .00000000      3.05020080      1.53544134
      1.66289000     60.00120578      2.80157665      6.44531250       .03412853       .00000000      3.04879531      1.61711883
      1.66289000     60.00117323      2.70156149      6.32812500       .03689233       .00000000      3.04724983      1.19407388
      1.66289000     60.00114068      2.60154633      6.21093750       .04001548       .00000000      3.04554169       .19985100
      1.66289000     60.00110813      2.50153117      6.09375000       .04356497       .00000000      3.04364290     -1.44461945
      1.66289000     60.00107557      2.40151601      5.97656250       .04762462       .00000000      3.04151850      2.44892355
      1.66289000     60.00104302      2.30150085      5.85937500       .05230062       .00000000      3.03912415      -.80099178
      1.66289000     60.00101047      2.20148569      5.74218750       .05772933       .00000000      3.03640273      1.23086702
      1.66289000     60.00097792      2.10147053      5.62500000       .06408858       .00000000      3.03327927      2.08604894
      1.66289000     60.00094537      2.00145537      5.50781250       .07161439       .00000000      3.02965316      1.54376147
      1.66289000     60.00091281      1.90144021      5.39062500       .08062644       .00000000      3.02538596      -.67874434
      1.66289000     60.00088026      1.80142505      5.27343750       .09156814       .00000000      3.02028125      1.33272862
      1.66289000     60.00084771      1.70140989      5.15625000       .10507204       .00000000      3.01404994       .80288379
      1.66289000     60.00081516      1.60139473      5.03906250       .12207125       .00000000      3.00624686      3.34205800
      1.66289000     60.00078260      1.50137957      4.92187500       .14399927       .00000000      2.99614649      1.72134261
      1.66289000     60.00075005      1.40136441      4.80468750       .17316886       .00000000      2.98247718       .85779196
      1.66289000     60.00071750      1.30134925      4.68750000       .21352968       .00000000      2.96278920     -1.24912058
      1.66289000     60.00068495      1.20133409      4.57031250       .27218149       .00000000      2.93176345     -1.05587679
      1.66289000     60.00065240      1.10131893      4.45312500       .36124279       .00000000      2.87647967      -.19840092
      1.66289000     60.00061984      1.00130377      4.33593750       .48676588       .00000000      2.77110841      2.87227877
      1.66289000     60.00058729       .90128861      4.21875000       .60464757       .00000000      2.61797080      1.87827337
      1.66289000     60.00055474       .80127345      4.10156250       .68104123       .00000000      2.46464884      -.55874518
      1.66289000     60.00052219       .70125829      3.98437500       .73001221       .00000000      2.32644268      2.08079595
      1.66289000     60.00048964       .60124313      3.86718750       .76425229       .00000000      2.20097182      3.42314298
      1.66289000     60.00045708       .50122797      3.75000000       .79000086       .00000000      2.08467000      4.50508764
      1.66289000     60.00042453       .40121281      3.63281250       .81041780       .00000000      1.97485365      2.89103754
      1.66289000     60.00039198       .30119765      3.51562500       .82725179       .00000000      1.86957648      3.58534693
      1.66289000     60.00035943       .20118250      3.39843750       .84155014       .00000000      1.76736501      -.43707517
      1.66289000     60.00032688       .10116734      3.28125000       .85398110       .00000000      1.66703090      2.92325161
      1.66289000     60.00029432       .00115218      3.16406250       .86499269       .00000000      1.56754367       .78435410
      1.66289000     60.00026177      -.09886298      3.04687500       .87489657       .00000000      1.46793646      -.79952424
      1.66289000     60.00022922      -.19887814      2.92968750       .88391434       .00000000      1.36722343      4.27497526
      1.66289000     60.00019667      -.29889330      2.81250000       .89220290       .00000000      1.26431000      3.28547519
      1.66289000     60.00016412      -.39890846      2.69531250       .89986541       .00000000      1.15787205      2.36125343
      1.66289000     60.00013156      -.49892362      2.57812500       .90694725       .00000000      1.04616103      1.32408782
      1.66289000     60.00009901      -.59893878      2.46093750       .91340463       .00000000       .92663810      -.07466626
      1.66289000     60.00006646      -.69895394      2.34375000       .91899456       .00000000       .79516973      4.01989289
      1.66289000     60.00003391      -.79896910      2.22656250       .92284277       .00000000       .64385056       .08134040
      1.66289000     60.00000135      -.89898426      2.10937500       .92079585       .00000000       .45259320      3.61990307
      1.66289000     59.99996880      -.99899942      1.99218750       .80513899       .00000000       .11063197       .08918511
      1.66289000     59.99993625     -1.09901458      1.87500000       .41279265       .00000000       .01297470      2.61538388
      1.66289000     59.99990370     -1.19902974      1.75781250       .28887194       .00000000      -.00019684     -1.15602675
      1.66289000     59.99987115     -1.29904490      1.64062500       .22096666       .00000000      -.00746951     -1.16617960
      1.66289000     59.99983859     -1.39906006      1.52343750       .17714071       .00000000      -.01253034      3.26328086
      1.66289000     59.99980604     -1.49907522      1.40625000       .14637860       .00000000      -.01641196      -.97927829
      1.66289000     59.99977349     -1.59909038      1.28906250       .12361391       .00000000      -.01955236      1.56940077
      1.66289000     59.99974094     -1.69910554      1.17187500       .10613185       .00000000      -.02218011      2.68229582
      1.66289000     59.99970839     -1.79912070      1.05468750       .09232918       .00000000      -.02443062      1.13579150
      1.66289000     59.99967583     -1.89913586       .93750000       .08119240       .00000000      -.02639119      2.39192274
      1.66289000     59.99964328     -1.99915102       .82031250       .07204740       .00000000      -.02812171      -.41021253
      1.66289000     59.99961073     -2.09916618       .70312500       .06442775       .00000000      -.02966520     -1.40895420
      1.66289000     59.99957818     -2.19918134       .58593750       .05800029       .00000000      -.03105364      -.92091633
      1.66289000     59.99954563     -2.29919650       .46875000       .05252077       .00000000      -.03231155       .81038420
      1.66289000     59.99951307     -2.39921166       .35156250       .04780612       .00000000      -.03345814      3.59391394
      1.66289000     59.99948052     -2.49922682       .23437500       .04371651       .00000000      -.03450874       .99409468
      1.66289000     59.99944797     -2.59924197       .11718750       .04014343       .00000000      -.03547580      -.82921995
      1.66289000     59.99941542     -2.69925713       .00000000       .03700142       .00000000      -.03636959      4.30608481
      1.66289000     59.99938287     -2.79927229      -.11718750       .03422237       .00000000      -.03719864      3.74989396
      1.66289000     59.99935031     -2.89928745      -.23437500       .03175135       .00000000      -.03797014      3.71532406
      1.66289000     59.99931776     -2.99930261      -.35156250       .02954362       .00000000      -.03869020      4.14323545
      1.66289000     59.99928521     -3.09931777      -.46875000       .02756242       .00000000      -.03936405     -1.29986532
      1.66289000     59.99925266     -3.19933293      -.58593750       .02577730       .00000000      -.03999620      -.09070766
      1.66289000     59.99922010     -3.29934809      -.70312500       .02416281       .00000000      -.04059057      1.45035934
      1.66289000     59.99918755     -3.39936325      -.82031250       .02269757       .00000000      -.04115058      3.29110105
      1.66289000     59.99915500     -3.49937841      -.93750000       .02136349       .00000000      -.04167925      -.87977889
      1.66289000     59.99912245     -3.59939357     -1.05468750       .02014516       .00000000      -.04217921      1.47945253
      1.66289000     59.99908990     -3.69940873     -1.17187500       .01902943       .00000000      -.04265282      4.06391677
      1.66289000     59.99905734     -3.79942389     -1.28906250       .01800494       .00000000      -.04310218       .57124579
      1.66289000     59.99902479     -3.89943905     -1.40625000       .01706192       .00000000      -.04352916      3.55077968
      1.66289000     59.99899224     -3.99945421     -1.52343750       .01619185       .00000000      -.04393542       .42097168
      1.66289000     59.99895969     -4.09946937     -1.64062500       .01538733       .00000000      -.04432249      3.73462154
      1.66289000     59.99892714     -4.19948453     -1.75781250       .01464188       .00000000      -.04469173       .91318354
      1.66289000     59.99889458     -4.29949969     -1.87500000       .01394979       .00000000      -.04504436      4.51207181
      1.66289000     59.99886203     -4.39951485     -1.99218750       .01330606       .00000000      -.04538150      1.95502732
      1.66289000     59.99882948     -4.49953001     -2.10937500       .01270624       .00000000      -.04570419      -.48371348
      1.66289000     59.99879693     -4.59954517     -2.22656250       .01214640       .00000000      -.04601334      3.47091521
      1.66289000     59.99876438     -4.69956033     -2.34375000       .01162303       .00000000      -.04630981      1.24515769
      1.66289000     59.99873182     -4.79957549     -2.46093750       .01113302       .00000000      -.04659437      -.88453339
      1.66289000     59.99869927     -4.89959065     -2.57812500       .01067356       .00000000      -.04686774      3.35887581
      1.66289000     59.99866672     -4.99960581     -2.69531250       .01024216       .00000000      -.04713058      1.40338250
      1.66289000     59.99863417     -5.09962097     -2.81250000       .00983656       .00000000      -.04738350      -.47299511
      1.66289000     59.99860162     -5.19963613     -2.92968750       .00945473       .00000000      -.04762705      4.00817884
      1.66289000     59.99856906     -5.29965129     -3.04687500       .00909483       .00000000      -.04786175      2.27616023
      1.66289000     59.99853651     -5.39966645     -3.16406250       .00875522       .00000000      -.04808809       .61010006
      1.66289000     59.99850396     -5.49968160     -3.28125000       .00843438       .00000000      -.04830651      -.99372937
      1.66289000     59.99847141     -5.59969676     -3.39843750       .00813096       .00000000      -.04851742      3.74440745
      1.66289000     59.99843885     -5.69971192     -3.51562500       .00784370       .00000000      -.04872121      2.25494231
      1.66289000     59.99840630     -5.79972708     -3.63281250       .00757147       .00000000      -.04891823       .81809241
      1.66289000     59.99837375     -5.89974224     -3.75000000       .00731324       .00000000      -.04910883      -.56890130
      1.66289000     59.99834120     -5.99975740     -3.86718750       .00706805       .00000000      -.04929331      4.37457833
      1.66289000     59.99830865     -6.09977256     -3.98437500       .00683505       .00000000      -.04947197      3.07976708
      1.66289000     59.99827609     -6.19978772     -4.10156250       .00661343       .00000000      -.04964508      1.82761651
      1.66289000     59.99824354     -6.29980288     -4.21875000       .00640246       .00000000      -.04981290       .61603955
      1.66289000     59.99821099     -6.39981804     -4.33593750       .00620147       .00000000      -.04997567      -.55691612
      1.66289000     59.99817844     -6.49983320     -4.45312500       .00600983       .00000000      -.05013362      4.59010647
      1.66289000     59.99814589     -6.59984836     -4.57031250       .00582698       .00000000      -.05028696      3.48902265
      1.66289000     59.99811333     -6.69986352     -4.68750000       .00565237       .00000000      -.05043589      2.42140903
      1.66289000     59.99808078     -6.79987868     -4.80468750       .00548553       .00000000      -.05058060      1.38575436
      1.66289000     59.99804823     -6.89989384     -4.92187500       .00532599       .00000000      -.05072126       .38063745
      1.66289000     59.99801568     -6.99990900     -5.03906250       .00517333       .00000000      -.05085806      -.59527944
      1.66289000     59.99798313     -7.09992416     -5.15625000       .00502716       .00000000      -.05099113     -1.54325665
      1.66289000     59.99795057     -7.19993932     -5.27343750       .00488712       .00000000      -.05112065      3.81870261
      1.66289000     59.99791802     -7.29995448     -5.39062500       .00475288       .00000000      -.05124674      2.92310599
      1.66289000     59.99788547     -7.39996964     -5.50781250       .00462410       .00000000      -.05136954      2.05207919
      1.66289000     59.99785292     -7.49998480     -5.62500000       .00450050       .00000000      -.05148919      1.20462045
      1.66289000     59.99782037     -7.59999996     -5.74218750       .00438181       .00000000      -.05160580       .37978200
      1.66289000     59.99778781     -7.70001512     -5.85937500       .00426776       .00000000      -.05171948      -.42333361
      1.66289000     59.99775526     -7.80003028     -5.97656250       .00415812       .00000000      -.05183035     -1.20557678
      1.66289000     59.99772271     -7.90004544     -6.09375000       .00405267       .00000000      -.05193851      4.31543140
      1.66289000     59.99769016     -8.00006060     -6.21093750       .00395118       .00000000      -.05204406      3.57255506
      1.66289000     59.99765760     -8.10007576     -6.32812500       .00385347       .00000000      -.05214709      2.84825285
      1.66289000     59.99762505     -8.20009092     -6.44531250       .00375935       .00000000      -.05224770      2.14183424
      1.66289000     59.99759250     -8.30010607     -6.56250000       .00366864       .00000000      -.05234596      1.45264265
      1.66289000     59.99755995     -8.40012123     -6.67968750       .00358119       .00000000      -.05244196       .78005335
      1.66289000     59.99752740     -8.50013639     -6.79687500       .00349683       .00000000      -.05253577       .12347155
      1.66289000     59.99749484     -8.60015155     -6.91406250       .00341543       .00000000      -.05262748      -.51766934
      1.66289000     59.99746229     -8.70016671     -7.03125000       .00333684       .00000000      -.05271715     -1.14390944
      1.66289000     59.99742974     -8.80018187     -7.14843750       .00326093       .00000000      -.05280484      4.52742146
      1.66289000     59.99739719     -8.90019703     -7.26562500       .00318760       .00000000      -.05289063      3.92946116
      1.66289000     59.99736464     -9.00021219     -7.38281250       .00311671       .00000000      -.05297458      3.34492560
      1.66289000     59.99733208     -9.10022735     -7.50000000       .00304817       .00000000      -.05305674      2.77336638
      1.66289000     59.99729953     -9.20024251     -7.61718750       .00298187       .00000000      -.05313717      2.21435493
      1.66289000     59.99726698     -9.30025767     -7.73437500       .00291771       .00000000      -.05321592      1.66748135
      1.66289000     59.99723443     -9.40027283     -7.85156250       .00285561       .00000000      -.05329305      1.13235351
      1.66289000     59.99720188     -9.50028799     -7.96875000       .00279547       .00000000      -.05336861       .60859599
      1.66289000     59.99716932     -9.60030315     -8.08593750       .00273721       .00000000      -.05344264       .09584925
      1.66289000     59.99713677     -9.70031831     -8.20312500       .00268076       .00000000      -.05351520      -.40623119
      1.66289000     59.99710422     -9.80033347     -8.32031250       .00262604       .00000000      -.05358632      -.89797556
      1.66289000     59.99707167     -9.90034863     -8.43750000       .00257299       .00000000      -.05365604     -1.37970059
      1.66289000     59.99703912    -10.00036379     -8.55468750       .00252152       .00000000      -.05372442      4.43147517
      1.66289000     59.99700656    -10.10037895     -8.67187500       .00247159       .00000000      -.05379148      3.96888944
      1.66289000     59.99697401    -10.20039411     -8.78906250       .00242313       .00000000      -.05385726      3.51544742
      1.66289000     59.99694146    -10.30040927     -8.90625000       .00237608       .00000000      -.05392181      3.07088005
      1.66289000     59.99690891    -10.40042443     -9.02343750       .00233039       .00000000      -.05398515      2.63492873
      1.66289000     59.99687635    -10.50043959     -9.14062500       .00228601       .00000000      -.05404732      2.20734484
      1.66289000     59.99684380    -10.60045475     -9.25781250       .00224289       .00000000      -.05410835      1.78788925
      1.66289000     59.99681125    -10.70046991     -9.37500000       .00220098       .00000000      -.05416827      1.37633187
      1.66289000     59.99677870    -10.80048507     -9.49218750       .00216023       .00000000      -.05422712       .97245126
      1.66289000     59.99674615    -10.90050023     -9.60937500       .00212061       .00000000      -.05428491       .57603415
      1.66289000     59.99671359    -11.00051539     -9.72656250       .00208206       .00000000      -.05434169       .18687516
      1.66289000     59.99668104    -11.10053054     -9.84375000       .00204456       .00000000      -.05439747      -.19522363
      1.66289000     59.99664849    -11.20054570     -9.96093750       .00200807       .00000000      -.05445228      -.57045301
      1.66289000     59.99661594    -11.30056086    -10.07812500       .00197254       .00000000      -.05450615      -.93899691
      1.66289000     59.99658339    -11.40057602    -10.19531250       .00193795       .00000000      -.05455911     -1.30103277
      1.66289000     59.99655083    -11.50059118    -10.31250000       .00190427       .00000000      -.05461116      4.62645354
      1.66289000     59.99651828    -11.60060634    -10.42968750       .00187145       .00000000      -.05466235      4.27692616
      1.66289000     59.99648573    -11.70062150    -10.54687500       .00183948       .00000000      -.05471268      3.93341088
      1.66289000     59.99645318    -11.80063666    -10.66406250       .00180832       .00000000      -.05476218      3.59575364
      1.66289000     59.99642063    -11.90065182    -10.78125000       .00177795       .00000000      -.05481088      3.26380560
      1.66289000     59.99638807    -12.00066698    -10.89843750       .00174833       .00000000      -.05485878      2.93742294
      1.66289000     59.99635552    -12.10068214    -11.01562500       .00171945       .00000000      -.05490591      2.61646661
      1.66289000     59.99632297    -12.20069730    -11.13281250       .00169129       .00000000      -.05495229      2.30080221
      1.66289000     59.99629042    -12.30071246    -11.25000000       .00166380       .00000000      -.05499794      1.99029970
      1.66289000     59.99625787    -12.40072762    -11.36718750       .00163699       .00000000      -.05504287      1.68483330
      1.66289000     59.99622531    -12.50074278    -11.48437500       .00161082       .00000000      -.05508710      1.38428129
      1.66289000     59.99619276    -12.60075794    -11.60156250       .00158527       .00000000      -.05513064      1.08852584
      1.66289000     59.99616021    -12.70077310    -11.71875000       .00156032       .00000000      -.05517352       .79745286
      1.66289000     59.99612766    -12.80078826    -11.83593750       .00153596       .00000000      -.05521574       .51095186
      1.66289000     59.99609510    -12.90080342    -11.95312500       .00151217       .00000000      -.05525733       .22891580
      1.66289000     59.99606255    -13.00081858    -12.07031250       .00148892       .00000000      -.05529829      -.04875904
      1.66289000     59.99603000    -13.10083374    -12.18750000       .00146621       .00000000      -.05533865      -.32217317
      1.66289000     59.99599745    -13.20084890    -12.30468750       .00144401       .00000000      -.05537840      -.59142405
      1.66289000     59.99596490    -13.30086406    -12.42187500       .00142232       .00000000      -.05541758      -.85660619
      1.66289000     59.99593234    -13.40087922    -12.53906250       .00140111       .00000000      -.05545618     -1.11781124
      1.66289000     59.99589979    -13.50089438    -12.65625000       .00138037       .00000000      -.05549423     -1.37512813
      1.66289000     59.99586724    -13.60090954    -12.77343750       .00136009       .00000000      -.05553173      4.65454217
      1.66289000     59.99583469    -13.70092470    -12.89062500       .00134025       .00000000      -.05556869      4.40474529
      1.66289000     59.99580214    -13.80093986    -13.00781250       .00132085       .00000000      -.05560514      4.15858523
      1.66289000     59.99576958    -13.90095502    -13.12500000       .00130186       .00000000      -.05564107      3.91598305
      1.66289000     59.99573703    -14.00097017    -13.24218750       .00128328       .00000000      -.05567650      3.67686206
      1.66289000     59.99570448    -14.10098533    -13.35937500       .00126510       .00000000      -.05571144      3.44114779
      1.66289000     59.99567193    -14.20100049    -13.47656250       .00124730       .00000000      -.05574590      3.20876785
      1.66289000     59.99563938    -14.30101565    -13.59375000       .00122987       .00000000      -.05577989      2.97965191
      1.66289000     59.99560682    -14.40103081    -13.71093750       .00121280       .00000000      -.05581342      2.75373161
      1.66289000     59.99557427    -14.50104597    -13.82812500       .00119609       .00000000      -.05584649      2.53094046
      1.66289000     59.99554172    -14.60106113    -13.94531250       .00117973       .00000000      -.05587913      2.31121384
      1.66289000     59.99550917    -14.70107629    -14.06250000       .00116369       .00000000      -.05591133      2.09448888
      1.66289000     59.99547662    -14.80109145    -14.17968750       .00114798       .00000000      -.05594310      1.88070440
      1.66289000     59.99544406    -14.90110661    -14.29687500       .00113259       .00000000      -.05597446      1.66980092
      1.66289000     59.99541151    -15.00112177    -14.41406250       .00111750       .00000000      -.05600541      1.46172053
      1.66289000     59.99537896    -15.10113693    -14.53125000       .00110272       .00000000      -.05603596      1.25640684
      1.66289000     59.99534641    -15.20115209    -14.64843750       .00108822       .00000000      -.05606612      1.05380500
      1.66289000     59.99531385    -15.30116725    -14.76562500       .00107402       .00000000      -.05609589       .85386157
      1.66289000     59.99528130    -15.40118241    -14.88281250       .00106008       .00000000      -.05612528       .65652451
