      1.66289000     25.66357644      3.61480961     15.00000000       .01993123       .00000000      3.08430315      3.45227934
      1.66289000     25.66354389      3.57376883     14.88281250       .02041058       .00000000      3.08410217      1.82492516
      1.66289000     25.66351134      3.53272805     14.76562500       .02090768       .00000000      3.08389541       .00256761
      1.66289000     25.66347879      3.49168727     14.64843750       .02142343       .00000000      3.08368263      4.26094177
      1.66289000     25.66344623      3.45064649     14.53125000       .02195879       .00000000      3.08346354      2.02583464
      1.66289000     25.66341368      3.40960571     14.41406250       .02251479       .00000000      3.08323786      -.42782959
      1.66289000     25.66338113      3.36856493     14.29687500       .02309250       .00000000      3.08300527      3.17442561
      1.66289000     25.66334858      3.32752415     14.17968750       .02369310       .00000000      3.08276547       .25704185
      1.66289000     25.66331603      3.28648337     14.06250000       .02431783       .00000000      3.08251808      3.37668889
      1.66289000     25.66328347      3.24544259     13.94531250       .02496803       .00000000      3.08226275      -.04325489
      1.66289000     25.66325092      3.20440181     13.82812500       .02564511       .00000000      3.08199908      2.55273951
      1.66289000     25.66321837      3.16336103     13.71093750       .02635062       .00000000      3.08172665     -1.41317476
      1.66289000     25.66318582      3.12232025     13.59375000       .02708619       .00000000      3.08144499       .61321375
      1.66289000     25.66315327      3.08127947     13.47656250       .02785358       .00000000      3.08115363      2.33582500
      1.66289000     25.66312071      3.04023869     13.35937500       .02865470       .00000000      3.08085205      3.74097081
      1.66289000     25.66308816      2.99919791     13.24218750       .02949160       .00000000      3.08053967     -1.46907921
      1.66289000     25.66305561      2.95815713     13.12500000       .03036646       .00000000      3.08021592      -.74342627
      1.66289000     25.66302306      2.91711635     13.00781250       .03128169       .00000000      3.07988013      -.38173109
      1.66289000     25.66299051      2.87607557     12.89062500       .03223986       .00000000      3.07953160      -.40155760
      1.66289000     25.66295795      2.83503479     12.77343750       .03324374       .00000000      3.07916959      -.82165207
      1.66289000     25.66292540      2.79399401     12.65625000       .03429637       .00000000      3.07879327      4.62113824
      1.66289000     25.66289285      2.75295323     12.53906250       .03540104       .00000000      3.07840176      3.33900842
      1.66289000     25.66286030      2.71191245     12.42187500       .03656131       .00000000      3.07799409      1.59217943
      1.66289000     25.66282775      2.67087167     12.30468750       .03778107       .00000000      3.07756922      -.64398635
      1.66289000     25.66279519      2.62983089     12.18750000       .03906457       .00000000      3.07712601      2.88722564
      1.66289000     25.66276264      2.58879011     12.07031250       .04041646       .00000000      3.07666321      -.40903827
      1.66289000     25.66273009      2.54774933     11.95312500       .04184181       .00000000      3.07617946      2.00289597
      1.66289000     25.66269754      2.50670855     11.83593750       .04334622       .00000000      3.07567325      3.80670654
      1.66289000     25.66266498      2.46566777     11.71875000       .04493580       .00000000      3.07514295     -1.31662414
      1.66289000     25.66263243      2.42462699     11.60156250       .04661733       .00000000      3.07458673      -.83954298
      1.66289000     25.66259988      2.38358621     11.48437500       .04839826       .00000000      3.07400260     -1.08736697
      1.66289000     25.66256733      2.34254544     11.36718750       .05028686       .00000000      3.07338832      4.17726868
      1.66289000     25.66253478      2.30150466     11.25000000       .05229230       .00000000      3.07274142      2.33805557
      1.66289000     25.66250222      2.26046388     11.13281250       .05442478       .00000000      3.07205915      -.37636751
      1.66289000     25.66246967      2.21942310     11.01562500       .05669567       .00000000      3.07133842      2.25746346
      1.66289000     25.66243712      2.17838232     10.89843750       .05911771       .00000000      3.07057575      3.89081260
      1.66289000     25.66240457      2.13734154     10.78125000       .06170518       .00000000      3.06976726      4.45154013
      1.66289000     25.66237202      2.09630076     10.66406250       .06447417       .00000000      3.06890851      3.86003074
      1.66289000     25.66233946      2.05525998     10.54687500       .06744285       .00000000      3.06799449      2.02815482
      1.66289000     25.66230691      2.01421920     10.42968750       .07063184       .00000000      3.06701944     -1.14195494
      1.66289000     25.66227436      1.97317842     10.31250000       .07406459       .00000000      3.06597681       .52383298
      1.66289000     25.66224181      1.93213764     10.19531250       .07776793       .00000000      3.06485897       .62036738
      1.66289000     25.66220926      1.89109686     10.07812500       .08177268       .00000000      3.06365713      -.98929761
      1.66289000     25.66217670      1.85005608      9.96093750       .08611440       .00000000      3.06236100      1.82360291
      1.66289000     25.66214415      1.80901530      9.84375000       .09083436       .00000000      3.06095846      2.60095818
      1.66289000     25.66211160      1.76797452      9.72656250       .09598073       .00000000      3.05943520      1.14362806
      1.66289000     25.66207905      1.72693374      9.60937500       .10161007       .00000000      3.05777409      3.50686496
      1.66289000     25.66204650      1.68589296      9.49218750       .10778929       .00000000      3.05595449      3.14505862
      1.66289000     25.66201394      1.64485218      9.37500000       .11459809       .00000000      3.05395129      -.24587014
      1.66289000     25.66198139      1.60381140      9.25781250       .12213221       .00000000      3.05173358      -.73756028
      1.66289000     25.66194884      1.56277062      9.14062500       .13050774       .00000000      3.04926280      1.25275578
      1.66289000     25.66191629      1.52172984      9.02343750       .13986688       .00000000      3.04649025     -1.05287975
      1.66289000     25.66188373      1.48068906      8.90625000       .15038578       .00000000      3.04335333      4.31972938
      1.66289000     25.66185118      1.43964828      8.78906250       .16228548       .00000000      3.03977020      4.08826367
      1.66289000     25.66181863      1.39860750      8.67187500       .17584732       .00000000      3.03563155      3.66079498
      1.66289000     25.66178608      1.35756672      8.55468750       .19143526       .00000000      3.03078781      1.95519030
      1.66289000     25.66175353      1.31652594      8.43750000       .20952873       .00000000      3.02502848      3.90074481
      1.66289000     25.66172097      1.27548516      8.32031250       .23077206       .00000000      3.01804725      1.50256157
      1.66289000     25.66168842      1.23444438      8.20312500       .25604983       .00000000      3.00938073     -1.13277127
      1.66289000     25.66165587      1.19340360      8.08593750       .28660120       .00000000      2.99829495      -.46717261
      1.66289000     25.66162332      1.15236282      7.96875000       .32418161       .00000000      2.98356627       .20877781
      1.66289000     25.66159077      1.11132204      7.85156250       .37122012       .00000000      2.96305046      4.00077009
      1.66289000     25.66155821      1.07028126      7.73437500       .43057444       .00000000      2.93292483     -1.51163343
      1.66289000     25.66152566      1.02924048      7.61718750       .50314698       .00000000      2.88722769      4.48619104
      1.66289000     25.66149311       .98819970      7.50000000       .58108151       .00000000      2.82183615     -1.04350915
      1.66289000     25.66146056       .94715892      7.38281250       .64842521       .00000000      2.74355323      1.21178300
      1.66289000     25.66142801       .90611814      7.26562500       .69850536       .00000000      2.66428212      2.93866847
      1.66289000     25.66139545       .86507736      7.14843750       .73483533       .00000000      2.58959212      -.50467955
      1.66289000     25.66136290       .82403658      7.03125000       .76201294       .00000000      2.52028136      -.66276247
      1.66289000     25.66133035       .78299580      6.91406250       .78315541       .00000000      2.45574676      1.80963073
      1.66289000     25.66129780       .74195502      6.79687500       .80018045       .00000000      2.39519509      -.54247689
      1.66289000     25.66126525       .70091424      6.67968750       .81428259       .00000000      2.33792887       .45884821
      1.66289000     25.66123269       .65987346      6.56250000       .82623371       .00000000      2.28338361      2.09073515
      1.66289000     25.66120014       .61883268      6.44531250       .83655248       .00000000      2.23110971      2.57952397
      1.66289000     25.66116759       .57779190      6.32812500       .84560014       .00000000      2.18074738       .72021771
      1.66289000     25.66113504       .53675112      6.21093750       .85363630       .00000000      2.13200521      1.94750916
      1.66289000     25.66110248       .49571034      6.09375000       .86085271       .00000000      2.08464374      -.63772720
      1.66289000     25.66106993       .45466956      5.97656250       .86739435       .00000000      2.03846326     -1.21124625
      1.66289000     25.66103738       .41362878      5.85937500       .87337315       .00000000      1.99329473      -.12279780
      1.66289000     25.66100483       .37258800      5.74218750       .87887705       .00000000      1.94899300      2.35579141
      1.66289000     25.66097228       .33154722      5.62500000       .88397634       .00000000      1.90543165      -.27361821
      1.66289000     25.66093972       .29050644      5.50781250       .88872792       .00000000      1.86249903      4.38272178
      1.66289000     25.66090717       .24946566      5.39062500       .89317852       .00000000      1.82009521      3.61787529
      1.66289000     25.66087462       .20842488      5.27343750       .89736692       .00000000      1.77812951      3.59910727
      1.66289000     25.66084207       .16738410      5.15625000       .90132570       .00000000      1.73651847      4.22969665
      1.66289000     25.66080952       .12634332      5.03906250       .90508247       .00000000      1.69518427      -.85513379
      1.66289000     25.66077696       .08530254      4.92187500       .90866087       .00000000      1.65405327       .84143343
      1.66289000     25.66074441       .04426177      4.80468750       .91208135       .00000000      1.61305483      2.97631664
      1.66289000     25.66071186       .00322099      4.68750000       .91536171       .00000000      1.57212017      -.78577240
      1.66289000     25.66067931      -.03781979      4.57031250       .91851763       .00000000      1.53118135      2.07574785
      1.66289000     25.66064676      -.07886057      4.45312500       .92156301       .00000000      1.49017027     -1.04616217
      1.66289000     25.66061420      -.11990135      4.33593750       .92451034       .00000000      1.44901768      2.37833892
      1.66289000     25.66058165      -.16094213      4.21875000       .92737090       .00000000      1.40765207      -.25033128
      1.66289000     25.66054910      -.20198291      4.10156250       .93015501       .00000000      1.36599852      3.60359609
      1.66289000     25.66051655      -.24302369      3.98437500       .93287221       .00000000      1.32397741      1.34513047
      1.66289000     25.66048400      -.28406447      3.86718750       .93553147       .00000000      1.28150283      -.76976121
      1.66289000     25.66045144      -.32510525      3.75000000       .93814128       .00000000      1.23848078      3.51572748
      1.66289000     25.66041889      -.36614603      3.63281250       .94070984       .00000000      1.19480682      1.60911100
      1.66289000     25.66038634      -.40718681      3.51562500       .94324521       .00000000      1.15036319      -.23290222
      1.66289000     25.66035379      -.44822759      3.39843750       .94575542       .00000000      1.10501505      4.24530984
      1.66289000     25.66032123      -.48926837      3.28125000       .94824869       .00000000      1.05860545      2.44783628
      1.66289000     25.66028868      -.53030915      3.16406250       .95073358       .00000000      1.01094855       .62518666
      1.66289000     25.66025613      -.57134993      3.04687500       .95321919       .00000000       .96182007     -1.26003855
      1.66289000     25.66022358      -.61239071      2.92968750       .95571551       .00000000       .91094361      3.03093306
      1.66289000     25.66019103      -.65343149      2.81250000       .95823367       .00000000       .85797015       .87683297
      1.66289000     25.66015847      -.69447227      2.69531250       .96078640       .00000000       .80244633     -1.51009274
      1.66289000     25.66012592      -.73551305      2.57812500       .96338850       .00000000       .74376255      2.05689999
      1.66289000     25.66009337      -.77655383      2.46093750       .96605724       .00000000       .68106281     -1.12786916
      1.66289000     25.66006082      -.81759461      2.34375000       .96881220       .00000000       .61307481      1.28467823
      1.66289000     25.66002827      -.85863539      2.22656250       .97167180       .00000000       .53775220      2.63504300
      1.66289000     25.65999571      -.89967617      2.10937500       .97463374       .00000000       .45138889      2.16022794
      1.66289000     25.65996316      -.94071695      1.99218750       .97754618       .00000000       .34575089      4.09899584
      1.66289000     25.65993061      -.98175773      1.87500000       .97821317       .00000000       .19114227      3.39613993
      1.66289000     25.65989806     -1.02279851      1.75781250       .65284994       .00000000       .00156699      2.52093400
      1.66289000     25.65986551     -1.06383929      1.64062500       .49134726       .00000000      -.00391155      -.26867454
      1.66289000     25.65983295     -1.10488007      1.52343750       .40345226       .00000000      -.00676133      3.38021758
      1.66289000     25.65980040     -1.14592085      1.40625000       .34399563       .00000000      -.00881715      -.10063579
      1.66289000     25.65976785     -1.18696163      1.28906250       .29999268       .00000000      -.01046410      -.95021118
      1.66289000     25.65973530     -1.22800241      1.17187500       .26570690       .00000000      -.01185344      3.97799408
      1.66289000     25.65970275     -1.26904319      1.05468750       .23806828       .00000000      -.01306192      -.30873832
      1.66289000     25.65967019     -1.31008397       .93750000       .21523683       .00000000      -.01413461      -.36221939
      1.66289000     25.65963764     -1.35112475       .82031250       .19602297       .00000000      -.01510060       .20883963
      1.66289000     25.65960509     -1.39216553       .70312500       .17961441       .00000000      -.01597992     -1.13897833
      1.66289000     25.65957254     -1.43320631       .58593750       .16543307       .00000000      -.01678710       .01111315
      1.66289000     25.65953998     -1.47424709       .46875000       .15305396       .00000000      -.01753306      2.24558556
      1.66289000     25.65950743     -1.51528787       .35156250       .14215628       .00000000      -.01822627      4.46634256
      1.66289000     25.65947488     -1.55632865       .23437500       .13249257       .00000000      -.01887346      -.48087630
      1.66289000     25.65944233     -1.59736943       .11718750       .12386843       .00000000      -.01948007      -.73289565
      1.66289000     25.65940978     -1.63841021       .00000000       .11612873       .00000000      -.02005058      3.13409891
      1.66289000     25.65937722     -1.67945099      -.11718750       .10914799       .00000000      -.02058875      4.35871450
      1.66289000     25.65934467     -1.72049177      -.23437500       .10282349       .00000000      -.02109775      2.53960728
      1.66289000     25.65931212     -1.76153255      -.35156250       .09707031       .00000000      -.02158029      3.61980933
      1.66289000     25.65927957     -1.80257333      -.46875000       .09181753       .00000000      -.02203872      1.02532864
      1.66289000     25.65924702     -1.84361411      -.58593750       .08700549       .00000000      -.02247506       .78879735
      1.66289000     25.65921446     -1.88465489      -.70312500       .08258356       .00000000      -.02289110      2.69283619
      1.66289000     25.65918191     -1.92569567      -.82031250       .07850854       .00000000      -.02328843       .26447272
      1.66289000     25.65914936     -1.96673645      -.93750000       .07474330       .00000000      -.02366842      -.37975372
      1.66289000     25.65911681     -2.00777723     -1.05468750       .07125575       .00000000      -.02403234       .61306636
      1.66289000     25.65908426     -2.04881801     -1.17187500       .06801804       .00000000      -.02438128      3.11248199
      1.66289000     25.65905170     -2.08985879     -1.28906250       .06500584       .00000000      -.02471627       .71910517
      1.66289000     25.65901915     -2.13089957     -1.40625000       .06219785       .00000000      -.02503820      -.38780980
      1.66289000     25.65898660     -2.17194035     -1.52343750       .05957528       .00000000      -.02534790      -.30156780
      1.66289000     25.65895405     -2.21298113     -1.64062500       .05712157       .00000000      -.02564612       .89377337
      1.66289000     25.65892150     -2.25402190     -1.75781250       .05482200       .00000000      -.02593354      3.12224007
      1.66289000     25.65888894     -2.29506268     -1.87500000       .05266348       .00000000      -.02621078       .03177129
      1.66289000     25.65885639     -2.33610346     -1.99218750       .05063432       .00000000      -.02647843      4.12611901
      1.66289000     25.65882384     -2.37714424     -2.10937500       .04872407       .00000000      -.02673701      2.78183052
      1.66289000     25.65879129     -2.41818502     -2.22656250       .04692332       .00000000      -.02698700      2.22992529
      1.66289000     25.65875873     -2.45922580     -2.34375000       .04522362       .00000000      -.02722887      2.42261746
      1.66289000     25.65872618     -2.50026658     -2.46093750       .04361732       .00000000      -.02746301      3.31603551
      1.66289000     25.65869363     -2.54130736     -2.57812500       .04209753       .00000000      -.02768984     -1.41336887
      1.66289000     25.65866108     -2.58234814     -2.69531250       .04065797       .00000000      -.02790969       .76356546
      1.66289000     25.65862853     -2.62338892     -2.81250000       .03929295       .00000000      -.02812291      3.52928563
      1.66289000     25.65859597     -2.66442970     -2.92968750       .03799728       .00000000      -.02832982       .56880629
      1.66289000     25.65856342     -2.70547048     -3.04687500       .03676623       .00000000      -.02853070      4.41902309
      1.66289000     25.65853087     -2.74651126     -3.16406250       .03559547       .00000000      -.02872582      2.48620078
      1.66289000     25.65849832     -2.78755204     -3.28125000       .03448104       .00000000      -.02891545      1.02807954
      1.66289000     25.65846577     -2.82859282     -3.39843750       .03341931       .00000000      -.02909983       .02096373
      1.66289000     25.65843321     -2.86963360     -3.51562500       .03240693       .00000000      -.02927918      -.55724458
      1.66289000     25.65840066     -2.91067438     -3.63281250       .03144083       .00000000      -.02945370      -.72718155
      1.66289000     25.65836811     -2.95171516     -3.75000000       .03051817       .00000000      -.02962362      -.50814351
      1.66289000     25.65833556     -2.99275594     -3.86718750       .02963634       .00000000      -.02978910       .08180332
      1.66289000     25.65830301     -3.03379672     -3.98437500       .02879291       .00000000      -.02995034      1.02572402
      1.66289000     25.65827045     -3.07483750     -4.10156250       .02798566       .00000000      -.03010749      2.30772565
      1.66289000     25.65823790     -3.11587828     -4.21875000       .02721250       .00000000      -.03026073      3.91287653
      1.66289000     25.65820535     -3.15691906     -4.33593750       .02647150       .00000000      -.03041019      -.45605231
      1.66289000     25.65817280     -3.19795984     -4.45312500       .02576089       .00000000      -.03055602      1.75408758
      1.66289000     25.65814025     -3.23900062     -4.57031250       .02507898       .00000000      -.03069836      4.24764977
      1.66289000     25.65810769     -3.28004140     -4.68750000       .02442423       .00000000      -.03083733       .72969371
      1.66289000     25.65807514     -3.32108218     -4.80468750       .02379520       .00000000      -.03097306      3.75549037
      1.66289000     25.65804259     -3.36212296     -4.92187500       .02319053       .00000000      -.03110567       .74817907
      1.66289000     25.65801004     -3.40316374     -5.03906250       .02260897       .00000000      -.03123526      4.26420788
      1.66289000     25.65797748     -3.44420452     -5.15625000       .02204933       .00000000      -.03136193      1.72781251
      1.66289000     25.65794493     -3.48524530     -5.27343750       .02151052       .00000000      -.03148579      -.58672196
      1.66289000     25.65791238     -3.52628608     -5.39062500       .02099149       .00000000      -.03160694      3.59535044
      1.66289000     25.65787983     -3.56732686     -5.50781250       .02049127       .00000000      -.03172546      1.69965064
      1.66289000     25.65784728     -3.60836764     -5.62500000       .02000896       .00000000      -.03184145       .00175875
      1.66289000     25.65781472     -3.64940842     -5.74218750       .01954370       .00000000      -.03195498     -1.50555269
      1.66289000     25.65778217     -3.69044920     -5.85937500       .01909469       .00000000      -.03206613      3.45402835
      1.66289000     25.65774962     -3.73148998     -5.97656250       .01866117       .00000000      -.03217498      2.30759037
      1.66289000     25.65771707     -3.77253076     -6.09375000       .01824242       .00000000      -.03228160      1.33209002
      1.66289000     25.65768452     -3.81357154     -6.21093750       .01783778       .00000000      -.03238606       .52159212
      1.66289000     25.65765196     -3.85461232     -6.32812500       .01744661       .00000000      -.03248843      -.12956233
      1.66289000     25.65761941     -3.89565310     -6.44531250       .01706831       .00000000      -.03258878      -.62677233
      1.66289000     25.65758686     -3.93669388     -6.56250000       .01670232       .00000000      -.03268715      -.97519182
      1.66289000     25.65755431     -3.97773466     -6.67968750       .01634810       .00000000      -.03278362     -1.17974366
      1.66289000     25.65752176     -4.01877544     -6.79687500       .01600515       .00000000      -.03287823     -1.24513262
      1.66289000     25.65748920     -4.05981622     -6.91406250       .01567300       .00000000      -.03297105     -1.17585749
      1.66289000     25.65745665     -4.10085700     -7.03125000       .01535118       .00000000      -.03306212      -.97622239
      1.66289000     25.65742410     -4.14189778     -7.14843750       .01503927       .00000000      -.03315149      -.65034732
      1.66289000     25.65739155     -4.18293856     -7.26562500       .01473687       .00000000      -.03323921      -.20217805
      1.66289000     25.65735900     -4.22397934     -7.38281250       .01444358       .00000000      -.03332533       .36450463
      1.66289000     25.65732644     -4.26502012     -7.50000000       .01415904       .00000000      -.03340989      1.04607633
      1.66289000     25.65729389     -4.30606090     -7.61718750       .01388291       .00000000      -.03349293      1.83906087
      1.66289000     25.65726134     -4.34710168     -7.73437500       .01361484       .00000000      -.03357450      2.74012276
      1.66289000     25.65722879     -4.38814246     -7.85156250       .01335454       .00000000      -.03365464      3.74606001
      1.66289000     25.65719623     -4.42918324     -7.96875000       .01310169       .00000000      -.03373338     -1.42938783
      1.66289000     25.65716368     -4.47022402     -8.08593750       .01285602       .00000000      -.03381075      -.22280476
      1.66289000     25.65713113     -4.51126480     -8.20312500       .01261726       .00000000      -.03388681      1.07978393
      1.66289000     25.65709858     -4.55230557     -8.32031250       .01238513       .00000000      -.03396157      2.47564728
      1.66289000     25.65706603     -4.59334635     -8.43750000       .01215941       .00000000      -.03403508      3.96215817
      1.66289000     25.65703347     -4.63438713     -8.55468750       .01193985       .00000000      -.03410736      -.74639696
      1.66289000     25.65700092     -4.67542791     -8.67187500       .01172623       .00000000      -.03417844       .91391845
      1.66289000     25.65696837     -4.71646869     -8.78906250       .01151833       .00000000      -.03424836      2.65757485
      1.66289000     25.65693582     -4.75750947     -8.90625000       .01131596       .00000000      -.03431715      4.48231368
      1.66289000     25.65690327     -4.79855025     -9.02343750       .01111891       .00000000      -.03438483       .10277282
      1.66289000     25.65687071     -4.83959103     -9.14062500       .01092701       .00000000      -.03445143      2.08322411
      1.66289000     25.65683816     -4.88063181     -9.25781250       .01074006       .00000000      -.03451697      4.13845802
      1.66289000     25.65680561     -4.92167259     -9.37500000       .01055790       .00000000      -.03458148      -.01666376
      1.66289000     25.65677306     -4.96271337     -9.49218750       .01038037       .00000000      -.03464499      2.18234451
      1.66289000     25.65674051     -5.00375415     -9.60937500       .01020731       .00000000      -.03470751      4.45047773
      1.66289000     25.65670795     -5.04479493     -9.72656250       .01003857       .00000000      -.03476908       .50279314
      1.66289000     25.65667540     -5.08583571     -9.84375000       .00987401       .00000000      -.03482971      2.90396353
      1.66289000     25.65664285     -5.12687649     -9.96093750       .00971349       .00000000      -.03488943      -.91402242
      1.66289000     25.65661030     -5.16791727    -10.07812500       .00955688       .00000000      -.03494825      1.61361990
      1.66289000     25.65657775     -5.20895805    -10.19531250       .00940404       .00000000      -.03500619      4.20217161
      1.66289000     25.65654519     -5.24999883    -10.31250000       .00925487       .00000000      -.03506328       .56696408
      1.66289000     25.65651264     -5.29103961    -10.42968750       .00910924       .00000000      -.03511954      3.27293281
      1.66289000     25.65648009     -5.33208039    -10.54687500       .00896704       .00000000      -.03517498      -.24768170
      1.66289000     25.65644754     -5.37312117    -10.66406250       .00882816       .00000000      -.03522962      2.57014667
      1.66289000     25.65641498     -5.41416195    -10.78125000       .00869250       .00000000      -.03528348      -.84125461
      1.66289000     25.65638243     -5.45520273    -10.89843750       .00855997       .00000000      -.03533657      2.08322412
      1.66289000     25.65634988     -5.49624351    -11.01562500       .00843045       .00000000      -.03538892     -1.22400944
      1.66289000     25.65631733     -5.53728429    -11.13281250       .00830388       .00000000      -.03544053      1.80223144
      1.66289000     25.65628478     -5.57832507    -11.25000000       .00818014       .00000000      -.03549142     -1.40557145
      1.66289000     25.65625222     -5.61936585    -11.36718750       .00805917       .00000000      -.03554161      1.71783987
      1.66289000     25.65621967     -5.66040663    -11.48437500       .00794087       .00000000      -.03559112     -1.39498427
      1.66289000     25.65618712     -5.70144741    -11.60156250       .00782518       .00000000      -.03563995      1.82128000
      1.66289000     25.65615457     -5.74248819    -11.71875000       .00771200       .00000000      -.03568812     -1.20075354
      1.66289000     25.65612202     -5.78352897    -11.83593750       .00760128       .00000000      -.03573564      2.10430009
      1.66289000     25.65608946     -5.82456975    -11.95312500       .00749294       .00000000      -.03578253      -.83088653
      1.66289000     25.65605691     -5.86561053    -12.07031250       .00738690       .00000000      -.03582880      2.55912822
      1.66289000     25.65602436     -5.90665131    -12.18750000       .00728312       .00000000      -.03587446      -.29292846
      1.66289000     25.65599181     -5.94769209    -12.30468750       .00718151       .00000000      -.03591953      3.17843765
      1.66289000     25.65595926     -5.98873287    -12.42187500       .00708203       .00000000      -.03596401       .40600448
      1.66289000     25.65592670     -6.02977365    -12.53906250       .00698461       .00000000      -.03600792      3.95531519
      1.66289000     25.65589415     -6.07081443    -12.65625000       .00688919       .00000000      -.03605126      1.25919488
      1.66289000     25.65586160     -6.11185521    -12.77343750       .00679573       .00000000      -.03609405     -1.39995306
      1.66289000     25.65582905     -6.15289599    -12.89062500       .00670416       .00000000      -.03613631      2.26029633
      1.66289000     25.65579650     -6.19393677    -13.00781250       .00661444       .00000000      -.03617803      -.32716704
      1.66289000     25.65576394     -6.23497755    -13.12500000       .00652651       .00000000      -.03621923      3.40330807
      1.66289000     25.65573139     -6.27601833    -13.24218750       .00644034       .00000000      -.03625993       .88465110
      1.66289000     25.65569884     -6.31705911    -13.35937500       .00635587       .00000000      -.03630012      4.68255155
      1.66289000     25.65566629     -6.35809989    -13.47656250       .00627305       .00000000      -.03633982      2.22997580
      1.66289000     25.65563373     -6.39914067    -13.59375000       .00619185       .00000000      -.03637903      -.19053627
      1.66289000     25.65560118     -6.44018145    -13.71093750       .00611223       .00000000      -.03641777      3.70357219
      1.66289000     25.65556863     -6.48122223    -13.82812500       .00603413       .00000000      -.03645605      1.34531851
      1.66289000     25.65553608     -6.52226301    -13.94531250       .00595753       .00000000      -.03649387      -.98270817
      1.66289000     25.65550353     -6.56330379    -14.06250000       .00588238       .00000000      -.03653124      3.00209664
      1.66289000     25.65547097     -6.60434457    -14.17968750       .00580866       .00000000      -.03656817       .73279641
      1.66289000     25.65543842     -6.64538535    -14.29687500       .00573631       .00000000      -.03660467     -1.50797512
      1.66289000     25.65540587     -6.68642613    -14.41406250       .00566531       .00000000      -.03664074      2.56242976
      1.66289000     25.65537332     -6.72746691    -14.53125000       .00559563       .00000000      -.03667639       .37711633
      1.66289000     25.65534077     -6.76850769    -14.64843750       .00552723       .00000000      -.03671163      4.50194417
      1.66289000     25.65530821     -6.80954846    -14.76562500       .00546008       .00000000      -.03674647      2.37004428
      1.66289000     25.65527566     -6.85058924    -14.88281250       .00539415       .00000000      -.03678091       .26411589
