      1.66289000     25.66407876     -5.25329356     15.00000000       .00000008       .00000007       .87644103     -1.46039317
      1.66289000     25.66404621     -5.21225221     14.88281250       .00000009       .00000007       .53519487      4.68970150
      1.66289000     25.66401366     -5.17121085     14.76562500       .00000009       .00000007       .19965029      4.55766856
      1.66289000     25.66398111     -5.13016949     14.64843750       .00000010       .00000006      -.13039622      4.42741460
      1.66289000     25.66394855     -5.08912814     14.53125000       .00000011       .00000006      -.45531197      4.29963316
      1.66289000     25.66391600     -5.04808678     14.41406250       .00000011       .00000005      -.77555693      4.17496365
      1.66289000     25.66388345     -5.00704543     14.29687500       .00000012       .00000005     -1.09162863      4.05394920
      1.66289000     25.66385090     -4.96600407     14.17968750       .00000013       .00000005     -1.40402306      3.93697690
      1.66289000     25.66381835     -4.92496271     14.06250000       .00000014       .00000004      4.56997664      3.82420181
      1.66289000     25.66378579     -4.88392136     13.94531250       .00000014       .00000004      4.26357486      3.71546324
      1.66289000     25.66375324     -4.84288000     13.82812500       .00000015       .00000004      3.95958454      3.61021108
      1.66289000     25.66372069     -4.80183865     13.71093750       .00000015       .00000003      3.65769046      3.50746883
      1.66289000     25.66368814     -4.76079729     13.59375000       .00000016       .00000003      3.35763627      3.40586072
      1.66289000     25.66365559     -4.71975593     13.47656250       .00000017       .00000003      3.05922439      3.30371800
      1.66289000     25.66362303     -4.67871458     13.35937500       .00000017       .00000003      2.76231479      3.19925294
      1.66289000     25.66359048     -4.63767322     13.24218750       .00000018       .00000003      2.46682292      3.09076113
      1.66289000     25.66355793     -4.59663187     13.12500000       .00000018       .00000003      2.17271698      2.97679954
      1.66289000     25.66352538     -4.55559051     13.00781250       .00000019       .00000003      1.88001444      2.85629883
      1.66289000     25.66349282     -4.51454915     12.89062500       .00000019       .00000003      1.58877785      2.72859620
      1.66289000     25.66346027     -4.47350780     12.77343750       .00000020       .00000004      1.29911002      2.59340185
      1.66289000     25.66342772     -4.43246644     12.65625000       .00000021       .00000004      1.01114837      2.45072607
      1.66289000     25.66339517     -4.39142509     12.53906250       .00000021       .00000004       .72505887      2.30079410
      1.66289000     25.66336262     -4.35038373     12.42187500       .00000022       .00000004       .44102957      2.14396733
      1.66289000     25.66333006     -4.30934237     12.30468750       .00000023       .00000004       .15926412      1.98068006
      1.66289000     25.66329751     -4.26830102     12.18750000       .00000024       .00000004      -.12002452      1.81139389
      1.66289000     25.66326496     -4.22725966     12.07031250       .00000025       .00000004      -.39661983      1.63656784
      1.66289000     25.66323241     -4.18621831     11.95312500       .00000026       .00000005      -.67030661      1.45664099
      1.66289000     25.66319986     -4.14517695     11.83593750       .00000027       .00000005      -.94087502      1.27202393
      1.66289000     25.66316730     -4.10413559     11.71875000       .00000028       .00000005     -1.20812342      1.08309654
      1.66289000     25.66313475     -4.06309424     11.60156250       .00000029       .00000005     -1.47186026       .89020950
      1.66289000     25.66310220     -4.02205288     11.48437500       .00000031       .00000005      4.55128049       .69368846
      1.66289000     25.66306965     -3.98101153     11.36718750       .00000032       .00000005      4.29509806       .49383940
      1.66289000     25.66303710     -3.93997017     11.25000000       .00000034       .00000005      4.04293748       .29095483
      1.66289000     25.66300454     -3.89892882     11.13281250       .00000036       .00000005      3.79494953       .08532025
      1.66289000     25.66297199     -3.85788746     11.01562500       .00000038       .00000005      3.55127758      -.12277938
      1.66289000     25.66293944     -3.81684610     10.89843750       .00000040       .00000005      3.31205922      -.33305333
      1.66289000     25.66290689     -3.77580475     10.78125000       .00000042       .00000005      3.07742791      -.54519907
      1.66289000     25.66287434     -3.73476339     10.66406250       .00000044       .00000005      2.84751449      -.75889648
      1.66289000     25.66284178     -3.69372204     10.54687500       .00000047       .00000005      2.62244859      -.97380232
      1.66289000     25.66280923     -3.65268068     10.42968750       .00000050       .00000005      2.40235966     -1.18954473
      1.66289000     25.66277668     -3.61163932     10.31250000       .00000053       .00000005      2.18737791     -1.40571751
      1.66289000     25.66274413     -3.57059797     10.19531250       .00000057       .00000005      1.97763492      4.66131179
      1.66289000     25.66271157     -3.52955661     10.07812500       .00000060       .00000005      1.77326407      4.44566875
      1.66289000     25.66267902     -3.48851526      9.96093750       .00000064       .00000005      1.57440081      4.23109503
      1.66289000     25.66264647     -3.44747390      9.84375000       .00000069       .00000005      1.38118290      4.01822286
      1.66289000     25.66261392     -3.40643254      9.72656250       .00000074       .00000005      1.19375066      3.80778363
      1.66289000     25.66258137     -3.36539119      9.60937500       .00000079       .00000005      1.01224749      3.60064276
      1.66289000     25.66254881     -3.32434983      9.49218750       .00000085       .00000005       .83682067      3.39785262
      1.66289000     25.66251626     -3.28330848      9.37500000       .00000091       .00000005       .66762283      3.20073378
      1.66289000     25.66248371     -3.24226712      9.25781250       .00000098       .00000005       .50481415      3.01100099
      1.66289000     25.66245116     -3.20122576      9.14062500       .00000106       .00000004       .34856564      2.83096083
      1.66289000     25.66241861     -3.16018441      9.02343750       .00000114       .00000004       .19906361      2.66382369
      1.66289000     25.66238605     -3.11914305      8.90625000       .00000123       .00000003       .05651555      2.51419178
      1.66289000     25.66235350     -3.07810170      8.78906250       .00000133       .00000003      -.07884270      2.38878195
      1.66289000     25.66232095     -3.03706034      8.67187500       .00000144       .00000003      -.20673846      2.29730051
      1.66289000     25.66228840     -2.99601898      8.55468750       .00000156       .00000002      -.32685307      2.25267634
      1.66289000     25.66225585     -2.95497763      8.43750000       .00000170       .00000002      -.43881270      2.26761044
      1.66289000     25.66222329     -2.91393627      8.32031250       .00000184       .00000002      -.54218051      2.34170400
      1.66289000     25.66219074     -2.87289492      8.20312500       .00000199       .00000002      -.63645214      2.44423025
      1.66289000     25.66215819     -2.83185356      8.08593750       .00000216       .00000003      -.72105674      2.52564341
      1.66289000     25.66212564     -2.79081220      7.96875000       .00000234       .00000004      -.79536703      2.55680770
      1.66289000     25.66209309     -2.74977085      7.85156250       .00000254       .00000005      -.85872137      2.53876147
      1.66289000     25.66206053     -2.70872949      7.73437500       .00000276       .00000008      -.91046042      2.48520433
      1.66289000     25.66202798     -2.66768814      7.61718750       .00000300       .00000011      -.94997827      2.41017796
      1.66289000     25.66199543     -2.62664678      7.50000000       .00000327       .00000014      -.97678234      2.32502254
      1.66289000     25.66196288     -2.58560542      7.38281250       .00000358       .00000017      -.99054848      2.23890109
      1.66289000     25.66193032     -2.54456407      7.26562500       .00000393       .00000020      -.99114862      2.16001790
      1.66289000     25.66189777     -2.50352271      7.14843750       .00000435       .00000022      -.97862435      2.09681880
      1.66289000     25.66186522     -2.46248136      7.03125000       .00000482       .00000024      -.95308682      2.05905213
      1.66289000     25.66183267     -2.42144000      6.91406250       .00000538       .00000024      -.91454711      2.05835777
      1.66289000     25.66180012     -2.38039865      6.79687500       .00000601       .00000024      -.86271375      2.10702764
      1.66289000     25.66176756     -2.33935729      6.67968750       .00000672       .00000024      -.79682386      2.21192402
      1.66289000     25.66173501     -2.29831593      6.56250000       .00000752       .00000026      -.71558443      2.36287639
      1.66289000     25.66170246     -2.25727458      6.44531250       .00000840       .00000032      -.61728736      2.52929638
      1.66289000     25.66166991     -2.21623322      6.32812500       .00000939       .00000041      -.50012076      2.68103048
      1.66289000     25.66163736     -2.17519187      6.21093750       .00001051       .00000053      -.36261993      2.81040213
      1.66289000     25.66160480     -2.13415051      6.09375000       .00001183       .00000066      -.20407434      2.93039208
      1.66289000     25.66157225     -2.09310915      5.97656250       .00001339       .00000077      -.02459379      3.06335485
      1.66289000     25.66153970     -2.05206780      5.85937500       .00001526       .00000085       .17539226      3.23334956
      1.66289000     25.66150715     -2.01102644      5.74218750       .00001746       .00000093       .39605333      3.45795104
      1.66289000     25.66147460     -1.96998509      5.62500000       .00001999       .00000106       .63888791      3.73435597
      1.66289000     25.66144204     -1.92894373      5.50781250       .00002287       .00000130       .90658889      4.03492195
      1.66289000     25.66140949     -1.88790237      5.39062500       .00002622       .00000165      1.20189791      4.33406505
      1.66289000     25.66137694     -1.84686102      5.27343750       .00003022       .00000204      1.52621395      4.63558757
      1.66289000     25.66134439     -1.80581966      5.15625000       .00003508       .00000241      1.87938804     -1.31713947
      1.66289000     25.66131184     -1.76477831      5.03906250       .00004093       .00000279      2.26139507      -.93345973
      1.66289000     25.66127928     -1.72373695      4.92187500       .00004782       .00000336      2.67427747      -.49987340
      1.66289000     25.66124673     -1.68269559      4.80468750       .00005595       .00000424      3.12172686      -.04300416
      1.66289000     25.66121418     -1.64165424      4.68750000       .00006578       .00000531      3.60635637       .42938425
      1.66289000     25.66118163     -1.60061288      4.57031250       .00007790       .00000644      4.12849504       .94097932
      1.66289000     25.66114907     -1.55957153      4.45312500       .00009265       .00000785      4.68899822      1.50982624
      1.66289000     25.66111652     -1.51853017      4.33593750       .00011039       .00000992      -.99158814      2.12106152
      1.66289000     25.66108397     -1.47748881      4.21875000       .00013215       .00001259      -.34319963      2.76252929
      1.66289000     25.66105142     -1.43644746      4.10156250       .00015932       .00001567       .35200260      3.45399108
      1.66289000     25.66101887     -1.39540610      3.98437500       .00019276       .00001982      1.09614940      4.20544664
      1.66289000     25.66098631     -1.35436475      3.86718750       .00023405       .00002556      1.89398368     -1.28083883
      1.66289000     25.66095376     -1.31332339      3.75000000       .00028608       .00003260      2.74811496      -.43009380
      1.66289000     25.66092121     -1.27228203      3.63281250       .00035120       .00004201      3.66095308       .48732621
      1.66289000     25.66088866     -1.23124068      3.51562500       .00043293       .00005483      4.63761537      1.46252790
      1.66289000     25.66085611     -1.19019932      3.39843750       .00053700       .00007125      -.60203545      2.50617265
      1.66289000     25.66082355     -1.14915797      3.28125000       .00066857       .00009392       .51256801      3.62271805
      1.66289000     25.66079100     -1.10811661      3.16406250       .00083697       .00012392      1.70326141     -1.47093195
      1.66289000     25.66075845     -1.06707525      3.04687500       .00105225       .00016482      2.97405548      -.19811543
      1.66289000     25.66072590     -1.02603390      2.92968750       .00132910       .00022023      4.33079167      1.15801322
      1.66289000     25.66069335      -.98499254      2.81250000       .00168558       .00029610      -.50493388      2.60699411
      1.66289000     25.66066079      -.94395119      2.69531250       .00214653       .00039970      1.03953516      4.15151098
      1.66289000     25.66062824      -.90290983      2.57812500       .00274237       .00054290      2.68680318      -.48344023
      1.66289000     25.66059569      -.86186847      2.46093750       .00351529       .00073948      4.44352679      1.27409986
      1.66289000     25.66056314      -.82082712      2.34375000       .00451636       .00101190       .03344577      3.14772720
      1.66289000     25.66053059      -.77978576      2.22656250       .00581274       .00138888      2.03004728     -1.13785526
      1.66289000     25.66049803      -.73874441      2.10937500       .00748922       .00190980      4.15786884       .99092570
      1.66289000     25.66046548      -.69770305      1.99218750       .00964929       .00262988       .14173533      3.25884117
      1.66289000     25.66043293      -.65666170      1.87500000       .01241892       .00362286      2.55631557      -.60881335
      1.66289000     25.66040038      -.61562034      1.75781250       .01594743       .00498589     -1.15612199      1.96299116
      1.66289000     25.66036782      -.57457898      1.64062500       .02040466       .00684540      1.57971578      4.69995600
      1.66289000     25.66033527      -.53353763      1.52343750       .02597437       .00936194      4.48977880      1.32801694
      1.66289000     25.66030272      -.49249627      1.40625000       .03284157       .01273277      1.30016213      4.42282727
      1.66289000     25.66027017      -.45145492      1.28906250       .04117159       .01719055      4.58658230      1.42736931
      1.66289000     25.66023762      -.41041356      1.17187500       .05107999       .02299532      1.79198622     -1.36585185
      1.66289000     25.66020506      -.36937220      1.05468750       .06259424       .03041610      -.79125775      2.33551609
      1.66289000     25.66017251      -.32833085       .93750000       .07561171       .03969833      3.12895448      -.02599134
      1.66289000     25.66013996      -.28728949       .82031250       .08985654       .05102021       .99475712      4.12453490
      1.66289000     25.66010741      -.24624814       .70312500       .10484766       .06443906      -.90267932      2.22868346
      1.66289000     25.66007486      -.20520678       .58593750       .11990212       .07982235      3.72712271       .57692968
      1.66289000     25.66004230      -.16416542       .46875000       .13415531       .09680661      2.32425973      -.82426672
      1.66289000     25.66000975      -.12312407       .35156250       .14664503       .11475888      1.17741629      4.31378327
      1.66289000     25.65997720      -.08208271       .23437500       .15641471       .13279739       .29101903      3.42911386
      1.66289000     25.65994465      -.04104136       .11718750       .16264640       .14985435      -.33169834      2.80814010
      1.66289000     25.65991210       .00000000       .00000000       .16478859       .16478778      -.68876397      2.45282818
      1.66289000     25.65987954       .04104136      -.11718750       .16264640       .17652863      -.77951479      2.36383241
      1.66289000     25.65984699       .08208271      -.23437500       .15641471       .18423099      -.60461387      2.54048062
      1.66289000     25.65981444       .12312407      -.35156250       .14664503       .18739208      -.16603306      2.98078985
      1.66289000     25.65978189       .16416542      -.46875000       .13415531       .18591483       .53299393      3.68151560
      1.66289000     25.65974934       .20520678      -.58593750       .11990212       .18010397      1.48804046      4.63823423
      1.66289000     25.65971678       .24624814      -.70312500       .10484766       .17059843      2.69360728      -.43775413
      1.66289000     25.65968423       .28728949      -.82031250       .08985654       .15825198      4.14322728      1.01344978
      1.66289000     25.65965168       .32833085      -.93750000       .07561171       .14401677      -.45357712      2.70136159
      1.66289000     25.65961913       .36937220     -1.05468750       .06259424       .12881555      1.46157951      4.61800366
      1.66289000     25.65958657       .41041356     -1.17187500       .05107999       .11346155      3.59700703       .47166429
      1.66289000     25.65955402       .45145492     -1.28906250       .04117159       .09860390      -.33939865      2.81979916
      1.66289000     25.65952147       .49249627     -1.40625000       .03284157       .08470822      2.20955004      -.91314020
      1.66289000     25.65948892       .53353763     -1.52343750       .02597437       .07206670     -1.33183504      1.82989731
      1.66289000     25.65945637       .57457898     -1.64062500       .02040466       .06082360      1.59347079     -1.52680723
      1.66289000     25.65942381       .61562034     -1.75781250       .01594743       .05100804      4.69300187      1.57383700
      1.66289000     25.65939126       .65666170     -1.87500000       .01241892       .04256758      1.67443768     -1.44366975
      1.66289000     25.65935871       .69770305     -1.99218750       .00964929       .03539814     -1.18795901      1.97813152
      1.66289000     25.65932616       .73874441     -2.10937500       .00748922       .02936788      2.38035805      -.73577505
      1.66289000     25.65929361       .77978576     -2.22656250       .00581274       .02433432      -.19527996      2.97264109
      1.66289000     25.65926105       .82082712     -2.34375000       .00451636       .02015660      3.64348738       .52902511
      1.66289000     25.65922850       .86186847     -2.46093750       .00351529       .01670457      1.32256665      4.49213728
      1.66289000     25.65919595       .90290983     -2.57812500       .00274237       .01386086      -.88197341      2.28831813
      1.66289000     25.65916340       .94395119     -2.69531250       .00214653       .01152128      3.30612743       .19388637
      1.66289000     25.65913085       .98499254     -2.81250000       .00168558       .00959917      1.31384194      4.48554716
      1.66289000     25.65909829      1.02603390     -2.92968750       .00132910       .00801908      -.58143427      2.59073750
      1.66289000     25.65906574      1.06707525     -3.04687500       .00105225       .00671975      3.89719840       .78695320
      1.66289000     25.65903319      1.10811661     -3.16406250       .00083697       .00564941      2.17858788      -.93133167
      1.66289000     25.65900064      1.14915797     -3.28125000       .00066857       .00476662       .54007803      3.71408885
      1.66289000     25.65896809      1.19019932     -3.39843750       .00053700       .00403616     -1.02234188      2.15196854
      1.66289000     25.65893553      1.23124068     -3.51562500       .00043293       .00343114      3.76949249       .66109477
      1.66289000     25.65890298      1.27228203     -3.63281250       .00035120       .00292763      2.34501375      -.76270395
      1.66289000     25.65887043      1.31332339     -3.75000000       .00028608       .00250799       .98435918      4.15973831
      1.66289000     25.65883788      1.35436475     -3.86718750       .00023405       .00215710      -.31758855      2.85856686
      1.66289000     25.65880532      1.39540610     -3.98437500       .00019276       .00186219     -1.56323928      1.61344368
      1.66289000     25.65877277      1.43644746     -4.10156250       .00015932       .00161406      3.52798278       .42111099
      1.66289000     25.65874022      1.47748881     -4.21875000       .00013215       .00140453      2.38496410      -.72123696
      1.66289000     25.65870767      1.51853017     -4.33593750       .00011039       .00122657      1.28875914      4.46673684
      1.66289000     25.65867512      1.55957153     -4.45312500       .00009265       .00107511       .23834374      3.41590929
      1.66289000     25.65864256      1.60061288     -4.57031250       .00007790       .00094601      -.76997589      2.40713812
      1.66289000     25.65861001      1.64165424     -4.68750000       .00006578       .00083538      4.54325430      1.43826710
      1.66289000     25.65857746      1.68269559     -4.80468750       .00005595       .00074008      3.61080834       .50706206
      1.66289000     25.65854491      1.72373695     -4.92187500       .00004782       .00065783      2.71554250      -.38860055
      1.66289000     25.65851236      1.76477831     -5.03906250       .00004093       .00058677      1.85484365     -1.25053361
      1.66289000     25.65847980      1.80581966     -5.15625000       .00003508       .00052514      1.02502017      4.20283579
      1.66289000     25.65844725      1.84686102     -5.27343750       .00003022       .00047141       .22402963      3.40352209
      1.66289000     25.65841470      1.88790237     -5.39062500       .00002622       .00042436      -.54810286      2.63306923
      1.66289000     25.65838215      1.92894373     -5.50781250       .00002287       .00038307     -1.29122833      1.88993510
      1.66289000     25.65834960      1.96998509     -5.62500000       .00001999       .00034682      4.27643955      1.17276969
      1.66289000     25.65831704      2.01102644     -5.74218750       .00001746       .00031493      3.58578851       .48038798
      1.66289000     25.65828449      2.05206780     -5.85937500       .00001526       .00028676      2.91731099      -.18832267
      1.66289000     25.65825194      2.09310915     -5.97656250       .00001339       .00026177      2.26950849      -.83447036
      1.66289000     25.65821939      2.13415051     -6.09375000       .00001183       .00023951      1.64221149     -1.45916263
      1.66289000     25.65818684      2.17519187     -6.21093750       .00001051       .00021964      1.03584946      4.21971777
      1.66289000     25.65815428      2.21623322     -6.32812500       .00000939       .00020186       .45053218      3.63481262
      1.66289000     25.65812173      2.25727458     -6.44531250       .00000840       .00018594      -.11445087      3.06841690
      1.66289000     25.65808918      2.29831593     -6.56250000       .00000752       .00017167      -.66056439      2.51972748
      1.66289000     25.65805663      2.33935729     -6.67968750       .00000672       .00015884     -1.18962027      1.98800380
      1.66289000     25.65802407      2.38039865     -6.79687500       .00000601       .00014729      4.57985869      1.47254309
      1.66289000     25.65799152      2.42144000     -6.91406250       .00000538       .00013686      4.08020889       .97266451
      1.66289000     25.65795897      2.46248136     -7.03125000       .00000482       .00012740      3.59385272       .48770391
      1.66289000     25.65792642      2.50352271     -7.14843750       .00000435       .00011880      3.12049875       .01701649
      1.66289000     25.65789387      2.54456407     -7.26562500       .00000393       .00011097      2.66015802      -.44001706
      1.66289000     25.65786131      2.58560542     -7.38281250       .00000358       .00010382      2.21294172      -.88398479
      1.66289000     25.65782876      2.62664678     -7.50000000       .00000327       .00009728      1.77889140     -1.31543995
      1.66289000     25.65779621      2.66768814     -7.61718750       .00000300       .00009129      1.35787902      4.54828502
      1.66289000     25.65776366      2.70872949     -7.73437500       .00000276       .00008581       .94958043      4.14033563
      1.66289000     25.65773111      2.74977085     -7.85156250       .00000254       .00008077       .55350303      3.74344404
      1.66289000     25.65769855      2.79081220     -7.96875000       .00000234       .00007614       .16904092      3.35718424
      1.66289000     25.65766600      2.83185356     -8.08593750       .00000216       .00007188      -.20446524      2.98115377
      1.66289000     25.65763345      2.87289492     -8.20312500       .00000199       .00006795      -.56767709      2.61497066
      1.66289000     25.65760090      2.91393627     -8.32031250       .00000184       .00006433      -.92122192      2.25827102
      1.66289000     25.65756835      2.95497763     -8.43750000       .00000170       .00006098     -1.26567055      1.91070725
      1.66289000     25.65753579      2.99601898     -8.55468750       .00000156       .00005787      4.68165793      1.57194675
      1.66289000     25.65750324      3.03706034     -8.67187500       .00000144       .00005499      4.35395609      1.24167107
      1.66289000     25.65747069      3.07810170     -8.78906250       .00000133       .00005232      4.03403541       .91957521
      1.66289000     25.65743814      3.11914305     -8.90625000       .00000123       .00004983      3.72157721       .60536717
      1.66289000     25.65740559      3.16018441     -9.02343750       .00000114       .00004751      3.41630882       .29876747
      1.66289000     25.65737303      3.20122576     -9.14062500       .00000106       .00004534      3.11799439      -.00049123
      1.66289000     25.65734048      3.24226712     -9.25781250       .00000098       .00004332      2.82642645      -.29266460
      1.66289000     25.65730793      3.28330848     -9.37500000       .00000091       .00004143      2.54141869      -.57799708
      1.66289000     25.65727538      3.32434983     -9.49218750       .00000085       .00003966      2.26280008      -.85672233
      1.66289000     25.65724282      3.36539119     -9.60937500       .00000079       .00003800      1.99041045     -1.12906376
      1.66289000     25.65721027      3.40643254     -9.72656250       .00000074       .00003644      1.72409717     -1.39523495
      1.66289000     25.65717772      3.44747390     -9.84375000       .00000069       .00003497      1.46371296      4.62774511
      1.66289000     25.65714517      3.48851526     -9.96093750       .00000064       .00003360      1.20911442      4.37331035
      1.66289000     25.65711262      3.52955661    -10.07812500       .00000060       .00003230       .96016123      4.12445901
      1.66289000     25.65708006      3.57059797    -10.19531250       .00000057       .00003107       .71671563      3.88101195
      1.66289000     25.65704751      3.61163932    -10.31250000       .00000053       .00002992       .47864217      3.64279759
      1.66289000     25.65701496      3.65268068    -10.42968750       .00000050       .00002883       .24580746      3.40965150
      1.66289000     25.65698241      3.69372204    -10.54687500       .00000047       .00002780       .01807995      3.18141601
      1.66289000     25.65694986      3.73476339    -10.66406250       .00000044       .00002683      -.20467060      2.95793990
      1.66289000     25.65691730      3.77580475    -10.78125000       .00000042       .00002590      -.42257364      2.73907810
      1.66289000     25.65688475      3.81684610    -10.89843750       .00000040       .00002503      -.63575877      2.52469136
      1.66289000     25.65685220      3.85788746    -11.01562500       .00000038       .00002420      -.84435686      2.31464600
      1.66289000     25.65681965      3.89892882    -11.13281250       .00000036       .00002341     -1.04850136      2.10881361
      1.66289000     25.65678710      3.93997017    -11.25000000       .00000034       .00002267     -1.24832986      1.90707090
      1.66289000     25.65675454      3.98101153    -11.36718750       .00000032       .00002196     -1.44398573      1.70929938
      1.66289000     25.65672199      4.02205288    -11.48437500       .00000031       .00002128      4.64756556      1.51538521
      1.66289000     25.65668944      4.06309424    -11.60156250       .00000029       .00002064      4.45979367      1.32521895
      1.66289000     25.65665689      4.10413559    -11.71875000       .00000028       .00002002      4.27571405      1.13869542
      1.66289000     25.65662434      4.14517695    -11.83593750       .00000027       .00001944      4.09514601       .95571346
      1.66289000     25.65659178      4.18621831    -11.95312500       .00000026       .00001888      3.91789797       .77617578
      1.66289000     25.65655923      4.22725966    -12.07031250       .00000025       .00001835      3.74376830       .59998876
      1.66289000     25.65652668      4.26830102    -12.18750000       .00000024       .00001784      3.57254715       .42706227
      1.66289000     25.65649413      4.30934237    -12.30468750       .00000023       .00001735      3.40401935       .25730946
      1.66289000     25.65646157      4.35038373    -12.42187500       .00000022       .00001689      3.23796835       .09064663
      1.66289000     25.65642902      4.39142509    -12.53906250       .00000021       .00001644      3.07418120      -.07300705
      1.66289000     25.65639647      4.43246644    -12.65625000       .00000021       .00001601      2.91245425      -.23372964
      1.66289000     25.65636392      4.47350780    -12.77343750       .00000020       .00001561      2.75259945      -.39159673
      1.66289000     25.65633137      4.51454915    -12.89062500       .00000019       .00001521      2.59445083      -.54668155
      1.66289000     25.65629881      4.55559051    -13.00781250       .00000019       .00001484      2.43787096      -.69905523
      1.66289000     25.65626626      4.59663187    -13.12500000       .00000018       .00001448      2.28275706      -.84878693
      1.66289000     25.65623371      4.63767322    -13.24218750       .00000018       .00001413      2.12904655      -.99594409
      1.66289000     25.65620116      4.67871458    -13.35937500       .00000017       .00001380      1.97672196     -1.14059250
      1.66289000     25.65616861      4.71975593    -13.47656250       .00000017       .00001348      1.82581512     -1.28279649
      1.66289000     25.65613605      4.76079729    -13.59375000       .00000016       .00001318      1.67641055     -1.42261899
      1.66289000     25.65610350      4.80183865    -13.71093750       .00000015       .00001289      1.52864829     -1.56012160
      1.66289000     25.65607095      4.84288000    -13.82812500       .00000015       .00001260      1.38272592      4.58782070
      1.66289000     25.65603840      4.88392136    -13.94531250       .00000014       .00001233      1.23889979      4.45477836
      1.66289000     25.65600585      4.92496271    -14.06250000       .00000014       .00001207      1.09748511      4.32387922
      1.66289000     25.65597329      4.96600407    -14.17968750       .00000013       .00001182       .95885428      4.19506736
      1.66289000     25.65594074      5.00704543    -14.29687500       .00000012       .00001158       .82343225      4.06828862
      1.66289000     25.65590819      5.04808678    -14.41406250       .00000011       .00001135       .69168751      3.94349080
      1.66289000     25.65587564      5.08912814    -14.53125000       .00000011       .00001113       .56411602      3.82062385
      1.66289000     25.65584309      5.13016949    -14.64843750       .00000010       .00001091       .44121532      3.69964012
      1.66289000     25.65581053      5.17121085    -14.76562500       .00000009       .00001070       .32344538      3.58049458
      1.66289000     25.65577798      5.21225221    -14.88281250       .00000009       .00001050       .21117350      3.46314494
