      1.66289000     25.66293274     -5.25312531     15.00000000       .00000008       .00000007       .80627155     -1.46317465
      1.66289000     25.66290019     -5.21208527     14.88281250       .00000009       .00000007       .46674963      4.68789561
      1.66289000     25.66286764     -5.17104523     14.76562500       .00000009       .00000007       .13291837      4.55708257
      1.66289000     25.66283509     -5.13000519     14.64843750       .00000010       .00000006      -.19548908      4.42828520
      1.66289000     25.66280254     -5.08896515     14.53125000       .00000011       .00000006      -.51888169      4.30218080
      1.66289000     25.66276998     -5.04792511     14.41406250       .00000012       .00000005      -.83774322      4.17937849
      1.66289000     25.66273743     -5.00688507     14.29687500       .00000012       .00000005     -1.15258145      4.06037093
      1.66289000     25.66270488     -4.96584502     14.17968750       .00000013       .00000004     -1.46389316      3.94546845
      1.66289000     25.66267233     -4.92480498     14.06250000       .00000014       .00000004      4.51104394      3.83471930
      1.66289000     25.66263978     -4.88376494     13.94531250       .00000014       .00000004      4.20544362      3.72782774
      1.66289000     25.66260722     -4.84272490     13.82812500       .00000015       .00000004      3.90213050      3.62409119
      1.66289000     25.66257467     -4.80168486     13.71093750       .00000015       .00000003      3.60080233      3.52238436
      1.66289000     25.66254212     -4.76064482     13.59375000       .00000016       .00000003      3.30121641      3.42121478
      1.66289000     25.66250957     -4.71960477     13.47656250       .00000017       .00000003      3.00318909      3.31885602
      1.66289000     25.66247702     -4.67856473     13.35937500       .00000017       .00000003      2.70659430      3.21353649
      1.66289000     25.66244446     -4.63752469     13.24218750       .00000018       .00000003      2.41136138      3.10363739
      1.66289000     25.66241191     -4.59648465     13.12500000       .00000018       .00000003      2.11747210      2.98784907
      1.66289000     25.66237936     -4.55544461     13.00781250       .00000019       .00000003      1.82495704      2.86525387
      1.66289000     25.66234681     -4.51440457     12.89062500       .00000019       .00000004      1.53389126      2.73533227
      1.66289000     25.66231426     -4.47336453     12.77343750       .00000020       .00000004      1.24438911      2.59791210
      1.66289000     25.66228170     -4.43232448     12.65625000       .00000021       .00000004       .95659849      2.45308911
      1.66289000     25.66224915     -4.39128444     12.53906250       .00000021       .00000004       .67069445      2.30114300
      1.66289000     25.66221660     -4.35024440     12.42187500       .00000022       .00000004       .38687264      2.14246414
      1.66289000     25.66218405     -4.30920436     12.30468750       .00000023       .00000004       .10534262      1.97749693
      1.66289000     25.66215149     -4.26816432     12.18750000       .00000024       .00000004      -.17367844      1.80670036
      1.66289000     25.66211894     -4.22712428     12.07031250       .00000025       .00000005      -.44997142      1.63052309
      1.66289000     25.66208639     -4.18608423     11.95312500       .00000026       .00000005      -.72332009      1.44938955
      1.66289000     25.66205384     -4.14504419     11.83593750       .00000027       .00000005      -.99351489      1.26369393
      1.66289000     25.66202129     -4.10400415     11.71875000       .00000028       .00000005     -1.26035558      1.07379940
      1.66289000     25.66198873     -4.06296411     11.60156250       .00000029       .00000005     -1.52365280       .88004064
      1.66289000     25.66195618     -4.02192407     11.48437500       .00000031       .00000005      4.49995666       .68272843
      1.66289000     25.66192363     -3.98088403     11.36718750       .00000032       .00000005      4.24426894       .48215536
      1.66289000     25.66189108     -3.93984399     11.25000000       .00000034       .00000005      3.99262583       .27860205
      1.66289000     25.66185853     -3.89880394     11.13281250       .00000036       .00000005      3.74517498       .07234366
      1.66289000     25.66182597     -3.85776390     11.01562500       .00000037       .00000005      3.50205681      -.13634376
      1.66289000     25.66179342     -3.81672386     10.89843750       .00000040       .00000005      3.26340628      -.34717703
      1.66289000     25.66176087     -3.77568382     10.78125000       .00000042       .00000005      3.02935456      -.55985996
      1.66289000     25.66172832     -3.73464378     10.66406250       .00000044       .00000005      2.80003062      -.77407776
      1.66289000     25.66169577     -3.69360374     10.54687500       .00000047       .00000006      2.57556256      -.98949171
      1.66289000     25.66166321     -3.65256370     10.42968750       .00000050       .00000006      2.35607871     -1.20573400
      1.66289000     25.66163066     -3.61152365     10.31250000       .00000053       .00000006      2.14170847     -1.42240232
      1.66289000     25.66159811     -3.57048361     10.19531250       .00000057       .00000006      1.93258286      4.64413150
      1.66289000     25.66156556     -3.52944357     10.07812500       .00000060       .00000006      1.72883495      4.42798784
      1.66289000     25.66153301     -3.48840353      9.96093750       .00000064       .00000006      1.53059997      4.21290140
      1.66289000     25.66150045     -3.44736349      9.84375000       .00000069       .00000005      1.33801552      3.99949470
      1.66289000     25.66146790     -3.40632345      9.72656250       .00000074       .00000005      1.15122175      3.78848525
      1.66289000     25.66143535     -3.36528340      9.60937500       .00000079       .00000005       .97036169      3.58071835
      1.66289000     25.66140280     -3.32424336      9.49218750       .00000085       .00000005       .79558206      3.37721703
      1.66289000     25.66137024     -3.28320332      9.37500000       .00000091       .00000005       .62703452      3.17925861
      1.66289000     25.66133769     -3.24216328      9.25781250       .00000098       .00000005       .46487791      2.98849325
      1.66289000     25.66130514     -3.20112324      9.14062500       .00000106       .00000004       .30928132      2.80712961
      1.66289000     25.66127259     -3.16008320      9.02343750       .00000114       .00000004       .16042862      2.63822761
      1.66289000     25.66124004     -3.11904316      8.90625000       .00000123       .00000004       .01852422      2.48615721
      1.66289000     25.66120748     -3.07800311      8.78906250       .00000133       .00000003      -.11619959      2.35728526
      1.66289000     25.66117493     -3.03696307      8.67187500       .00000144       .00000003      -.24347416      2.26084405
      1.66289000     25.66114238     -2.99592303      8.55468750       .00000156       .00000002      -.36298501      2.20934879
      1.66289000     25.66110983     -2.95488299      8.43750000       .00000169       .00000002      -.47436242      2.21595972
      1.66289000     25.66107728     -2.91384295      8.32031250       .00000184       .00000002      -.57717316      2.28318218
      1.66289000     25.66104472     -2.87280291      8.20312500       .00000199       .00000002      -.67091538      2.38489550
      1.66289000     25.66101217     -2.83176286      8.08593750       .00000216       .00000003      -.75501904      2.47206789
      1.66289000     25.66097962     -2.79072282      7.96875000       .00000234       .00000004      -.82885524      2.51124525
      1.66289000     25.66094707     -2.74968278      7.85156250       .00000254       .00000005      -.89175754      2.50015007
      1.66289000     25.66091452     -2.70864274      7.73437500       .00000276       .00000008      -.94305818      2.45168921
      1.66289000     25.66088196     -2.66760270      7.61718750       .00000300       .00000011      -.98213913      2.38017391
      1.66289000     25.66084941     -2.62656266      7.50000000       .00000327       .00000014     -1.00849300      2.29735679
      1.66289000     25.66081686     -2.58552262      7.38281250       .00000358       .00000017     -1.02178022      2.21270619
      1.66289000     25.66078431     -2.54448257      7.26562500       .00000394       .00000020     -1.02186018      2.13460392
      1.66289000     25.66075176     -2.50344253      7.14843750       .00000435       .00000022     -1.00876876      2.07156990
      1.66289000     25.66071920     -2.46240249      7.03125000       .00000482       .00000024      -.98262171      2.03335375
      1.66289000     25.66068665     -2.42136245      6.91406250       .00000538       .00000024      -.94344568      2.03158125
      1.66289000     25.66065410     -2.38032241      6.79687500       .00000601       .00000024      -.89097306      2.07866678
      1.66289000     25.66062155     -2.33928237      6.67968750       .00000672       .00000024      -.82446680      2.18202126
      1.66289000     25.66058899     -2.29824233      6.56250000       .00000752       .00000026      -.74265373      2.33250846
      1.66289000     25.66055644     -2.25720228      6.44531250       .00000841       .00000032      -.64383185      2.50013738
      1.66289000     25.66052389     -2.21616224      6.32812500       .00000939       .00000041      -.52617715      2.65405364
      1.66289000     25.66049134     -2.17512220      6.21093750       .00001052       .00000053      -.38819634      2.78546841
      1.66289000     25.66045879     -2.13408216      6.09375000       .00001183       .00000066      -.22914456      2.90678569
      1.66289000     25.66042623     -2.09304212      5.97656250       .00001340       .00000077      -.04910983      3.04025180
      1.66289000     25.66039368     -2.05200208      5.85937500       .00001526       .00000085       .15147204      3.21005946
      1.66289000     25.66036113     -2.01096203      5.74218750       .00001746       .00000093       .37273727      3.43420885
      1.66289000     25.66032858     -1.96992199      5.62500000       .00001999       .00000106       .61614601      3.71064166
      1.66289000     25.66029603     -1.92888195      5.50781250       .00002288       .00000130       .88437656      4.01212249
      1.66289000     25.66026347     -1.88784191      5.39062500       .00002623       .00000165      1.18019332      4.31254126
      1.66289000     25.66023092     -1.84680187      5.27343750       .00003023       .00000204      1.50503757      4.61496893
      1.66289000     25.66019837     -1.80576183      5.15625000       .00003509       .00000241      1.85878040     -1.33744447
      1.66289000     25.66016582     -1.76472179      5.03906250       .00004094       .00000280      2.24137090      -.95369707
      1.66289000     25.66013327     -1.72368174      4.92187500       .00004784       .00000336      2.65481018      -.51967490
      1.66289000     25.66010071     -1.68264170      4.80468750       .00005597       .00000424      3.10278635      -.06193148
      1.66289000     25.66006816     -1.64160166      4.68750000       .00006580       .00000531      3.58795147       .41120890
      1.66289000     25.66003561     -1.60056162      4.57031250       .00007792       .00000644      4.11065574       .92318017
      1.66289000     25.66000306     -1.55952158      4.45312500       .00009268       .00000785      4.67172335      1.49239813
      1.66289000     25.65997051     -1.51848154      4.33593750       .00011042       .00000992     -1.00832465      2.10431101
      1.66289000     25.65993795     -1.47744149      4.21875000       .00013219       .00001259      -.35939563      2.74643483
      1.66289000     25.65990540     -1.43640145      4.10156250       .00015936       .00001568       .33636747      3.43833093
      1.66289000     25.65987285     -1.39536141      3.98437500       .00019282       .00001983      1.08106491      4.19031221
      1.66289000     25.65984030     -1.35432137      3.86718750       .00023411       .00002557      1.87943841     -1.29533665
      1.66289000     25.65980774     -1.31328133      3.75000000       .00028616       .00003261      2.73412317      -.44409204
      1.66289000     25.65977519     -1.27224129      3.63281250       .00035129       .00004202      3.64750934       .47386262
      1.66289000     25.65974264     -1.23120125      3.51562500       .00043304       .00005485      4.62471303      1.44965032
      1.66289000     25.65971009     -1.19016120      3.39843750       .00053714       .00007127      -.61438798      2.49380364
      1.66289000     25.65967754     -1.14912116      3.28125000       .00066874       .00009394       .50075611      3.61091522
      1.66289000     25.65964498     -1.10808112      3.16406250       .00083717       .00012395      1.69199357     -1.48220284
      1.66289000     25.65961243     -1.06704108      3.04687500       .00105250       .00016487      2.96332756      -.20884146
      1.66289000     25.65957988     -1.02600104      2.92968750       .00132940       .00022029      4.32060301      1.14782386
      1.66289000     25.65954733      -.98496100      2.81250000       .00168596       .00029618      -.51458650      2.59734377
      1.66289000     25.65951478      -.94392095      2.69531250       .00214700       .00039980      1.03041725      4.14239110
      1.66289000     25.65948222      -.90288091      2.57812500       .00274295       .00054304      2.67821553      -.49202485
      1.66289000     25.65944967      -.86184087      2.46093750       .00351601       .00073966      4.43546754      1.26603961
      1.66289000     25.65941712      -.82080083      2.34375000       .00451724       .00101214       .02591023      3.14019201
      1.66289000     25.65938457      -.77976079      2.22656250       .00581382       .00138919      2.02303109     -1.14486994
      1.66289000     25.65935202      -.73872075      2.10937500       .00749054       .00191020      4.15136753       .98442480
      1.66289000     25.65931946      -.69768071      1.99218750       .00965088       .00263041       .13574324      3.25284909
      1.66289000     25.65928691      -.65664066      1.87500000       .01242084       .00362355      2.55082630      -.61430233
      1.66289000     25.65925436      -.61560062      1.75781250       .01594970       .00498677     -1.16111544      1.95799824
      1.66289000     25.65922181      -.57456058      1.64062500       .02040732       .00684652      1.57521037      4.69545118
      1.66289000     25.65918926      -.53352054      1.52343750       .02597745       .00936333      4.48575276      1.32399145
      1.66289000     25.65915670      -.49248050      1.40625000       .03284505       .01273448      1.29660582      4.41927144
      1.66289000     25.65912415      -.45144046      1.28906250       .04117543       .01719261      4.58348511      1.42427254
      1.66289000     25.65909160      -.41040042      1.17187500       .05108413       .02299774      1.78933651     -1.36850117
      1.66289000     25.65905905      -.36936037      1.05468750       .06259854       .03041887      -.79347266      2.33330161
      1.66289000     25.65902649      -.32832033       .93750000       .07561601       .03970138      3.12716068      -.02778473
      1.66289000     25.65899394      -.28728029       .82031250       .08986066       .05102345       .99336972      4.12314782
      1.66289000     25.65896139      -.24624025       .70312500       .10485139       .06444234      -.90367608      2.22768703
      1.66289000     25.65892884      -.20520021       .58593750       .11990529       .07982548      3.72649998       .57630720
      1.66289000     25.65889629      -.16416017       .46875000       .13415781       .09680942      2.32399353      -.82453270
      1.66289000     25.65886373      -.12312012       .35156250       .14664685       .11476119      1.17748839      4.31385555
      1.66289000     25.65883118      -.08208008       .23437500       .15641593       .13279911       .29141064      3.42950557
      1.66289000     25.65879863      -.04104004       .11718750       .16264721       .14985549      -.33100648      2.80883201
      1.66289000     25.65876608       .00000000       .00000000       .16478924       .16478844      -.68779138      2.45380077
      1.66289000     25.65873353       .04104004      -.11718750       .16264721       .17652904      -.77828108      2.36506606
      1.66289000     25.65870097       .08208008      -.23437500       .15641593       .18423146      -.60313856      2.54195581
      1.66289000     25.65866842       .12312012      -.35156250       .14664685       .18739294      -.16433541      2.98248734
      1.66289000     25.65863587       .16416017      -.46875000       .13415781       .18591637       .53489513      3.68341658
      1.66289000     25.65860332       .20520021      -.58593750       .11990529       .18010641      1.49012699      4.64032048
      1.66289000     25.65857077       .24624025      -.70312500       .10485139       .17060189      2.69586163      -.43550008
      1.66289000     25.65853821       .28728029      -.82031250       .08986066       .15825643      4.14563283      1.01585497
      1.66289000     25.65850566       .32832033      -.93750000       .07561601       .14402210      -.45103612      2.70390221
      1.66289000     25.65847311       .36936037     -1.05468750       .06259854       .12882155      1.46424125      4.62066499
      1.66289000     25.65844056       .41040042     -1.17187500       .05108413       .11346798      3.59977583       .47443262
      1.66289000     25.65840801       .45144046     -1.28906250       .04117543       .09861052      -.33653549      2.82266183
      1.66289000     25.65837545       .49248050     -1.40625000       .03284505       .08471481      2.21249593      -.91019480
      1.66289000     25.65834290       .53352054     -1.52343750       .02597745       .07207307     -1.32881704      1.83291483
      1.66289000     25.65831035       .57456058     -1.64062500       .02040732       .06082962      1.59655129     -1.52372722
      1.66289000     25.65827780       .61560062     -1.75781250       .01594970       .05101362      4.69613618      1.57697078
      1.66289000     25.65824524       .65664066     -1.87500000       .01242084       .04257265      1.67761802     -1.44049001
      1.66289000     25.65821269       .69768071     -1.99218750       .00965088       .03540269     -1.18473965      1.98135022
      1.66289000     25.65818014       .73872075     -2.10937500       .00749054       .02937192      2.38361004      -.73252360
      1.66289000     25.65814759       .77976079     -2.22656250       .00581382       .02433788      -.19200099      2.97591977
      1.66289000     25.65811504       .82080083     -2.34375000       .00451724       .02015971      3.64678885       .53232600
      1.66289000     25.65808248       .86184087     -2.46093750       .00351601       .01670726      1.32588626      4.49545607
      1.66289000     25.65804993       .90288091     -2.57812500       .00274295       .01386319      -.87864036      2.29165118
      1.66289000     25.65801738       .94392095     -2.69531250       .00214700       .01152330      3.30947208       .19723004
      1.66289000     25.65798483       .98496100     -2.81250000       .00168596       .00960091      1.31719372      4.48889882
      1.66289000     25.65795228      1.02600104     -2.92968750       .00132940       .00802058      -.57807667      2.59409436
      1.66289000     25.65791972      1.06704108     -3.04687500       .00105250       .00672103      3.90055859       .79031322
      1.66289000     25.65788717      1.10808112     -3.16406250       .00083717       .00565052      2.18195000      -.92797064
      1.66289000     25.65785462      1.14912116     -3.28125000       .00066874       .00476757       .54343794      3.71744963
      1.66289000     25.65782207      1.19016120     -3.39843750       .00053714       .00403698     -1.01898075      2.15532691
      1.66289000     25.65778952      1.23120125     -3.51562500       .00043304       .00343185      3.77284566       .66445056
      1.66289000     25.65775696      1.27224129     -3.63281250       .00035129       .00292824      2.34836737      -.75935296
      1.66289000     25.65772441      1.31328133     -3.75000000       .00028616       .00250852       .98770660      4.16308422
      1.66289000     25.65769186      1.35432137     -3.86718750       .00023411       .00215756      -.31425276      2.86190753
      1.66289000     25.65765931      1.39536141     -3.98437500       .00019282       .00186259     -1.55990086      1.61677684
      1.66289000     25.65762676      1.43640145     -4.10156250       .00015936       .00161441      3.53131241       .42443717
      1.66289000     25.65759420      1.47744149     -4.21875000       .00013219       .00140484      2.38827471      -.71791719
      1.66289000     25.65756165      1.51848154     -4.33593750       .00011042       .00122684      1.29207109      4.47004792
      1.66289000     25.65752910      1.55952158     -4.45312500       .00009268       .00107535       .24165918      3.41921110
      1.66289000     25.65749655      1.60056162     -4.57031250       .00007792       .00094622      -.76668303      2.41043264
      1.66289000     25.65746399      1.64160166     -4.68750000       .00006580       .00083557      4.54652341      1.44155429
      1.66289000     25.65743144      1.68264170     -4.80468750       .00005597       .00074024      3.61408369       .51033944
      1.66289000     25.65739889      1.72368174     -4.92187500       .00004784       .00065798      2.71883292      -.38533381
      1.66289000     25.65736634      1.76472179     -5.03906250       .00004094       .00058690      1.85811904     -1.24727543
      1.66289000     25.65733379      1.80576183     -5.15625000       .00003509       .00052526      1.02825394      4.20608727
      1.66289000     25.65730123      1.84680187     -5.27343750       .00003023       .00047152       .22723651      3.40676592
      1.66289000     25.65726868      1.88784191     -5.39062500       .00002623       .00042445      -.54488233      2.63630285
      1.66289000     25.65723613      1.92888195     -5.50781250       .00002288       .00038316     -1.28797370      1.89315726
      1.66289000     25.65720358      1.96992199     -5.62500000       .00001999       .00034690      4.27970646      1.17598170
      1.66289000     25.65717103      2.01096203     -5.74218750       .00001746       .00031500      3.58902312       .48359249
      1.66289000     25.65713847      2.05200208     -5.85937500       .00001526       .00028683      2.92048329      -.18512393
      1.66289000     25.65710592      2.09304212     -5.97656250       .00001340       .00026183      2.27262683      -.83127775
      1.66289000     25.65707337      2.13408216     -6.09375000       .00001183       .00023957      1.64531749     -1.45597816
      1.66289000     25.65704082      2.17512220     -6.21093750       .00001052       .00021968      1.03899111      4.22289186
      1.66289000     25.65700827      2.21616224     -6.32812500       .00000939       .00020190       .45373570      3.63797520
      1.66289000     25.65697571      2.25720228     -6.44531250       .00000841       .00018598      -.11119359      3.07156847
      1.66289000     25.65694316      2.29824233     -6.56250000       .00000752       .00017170      -.65729008      2.52286982
      1.66289000     25.65691061      2.33928237     -6.67968750       .00000672       .00015888     -1.18637775      1.99113919
      1.66289000     25.65687806      2.38032241     -6.79687500       .00000601       .00014733      4.58302670      1.47567343
      1.66289000     25.65684551      2.42136245     -6.91406250       .00000538       .00013689      4.08327948       .97579077
      1.66289000     25.65681295      2.46240249     -7.03125000       .00000482       .00012743      3.59682885       .49082600
      1.66289000     25.65678040      2.50344253     -7.14843750       .00000435       .00011883      3.12340720       .02013348
      1.66289000     25.65674785      2.54448257     -7.26562500       .00000394       .00011099      2.66304119      -.43690662
      1.66289000     25.65671530      2.58552262     -7.38281250       .00000358       .00010384      2.21584654      -.88088239
      1.66289000     25.65668274      2.62656266     -7.50000000       .00000327       .00009730      1.78185916     -1.31234683
      1.66289000     25.65665019      2.66760270     -7.61718750       .00000300       .00009131      1.36093843      4.55136807
      1.66289000     25.65661764      2.70864274     -7.73437500       .00000276       .00008582       .95274479      4.14340835
      1.66289000     25.65658509      2.74968278     -7.85156250       .00000254       .00008079       .55677082      3.74650666
      1.66289000     25.65655254      2.79072282     -7.96875000       .00000234       .00007616       .17239852      3.36023737
      1.66289000     25.65651998      2.83176286     -8.08593750       .00000216       .00007190      -.20103988      2.98419827
      1.66289000     25.65648743      2.87280291     -8.20312500       .00000199       .00006797      -.56421081      2.61800752
      1.66289000     25.65645488      2.91384295     -8.32031250       .00000184       .00006434      -.91774319      2.26130124
      1.66289000     25.65642233      2.95488299     -8.43750000       .00000169       .00006099     -1.26220705      1.91373176
      1.66289000     25.65638978      2.99592303     -8.55468750       .00000156       .00005789      4.68508106      1.57496637
      1.66289000     25.65635722      3.03696307     -8.67187500       .00000144       .00005501      4.35731732      1.24468644
      1.66289000     25.65632467      3.07800311     -8.78906250       .00000133       .00005233      4.03731728       .92258683
      1.66289000     25.65629212      3.11904316     -8.90625000       .00000123       .00004984      3.72476650       .60837540
      1.66289000     25.65625957      3.16008320     -9.02343750       .00000114       .00004752      3.41939630       .30177255
      1.66289000     25.65622702      3.20112324     -9.14062500       .00000106       .00004536      3.12097440       .00251082
      1.66289000     25.65619446      3.24216328     -9.25781250       .00000098       .00004333      2.82929639      -.28966552
      1.66289000     25.65616191      3.28320332     -9.37500000       .00000091       .00004144      2.54417840      -.57500099
      1.66289000     25.65612936      3.32424336     -9.49218750       .00000085       .00003967      2.26545134      -.85372927
      1.66289000     25.65609681      3.36528340     -9.60937500       .00000079       .00003801      1.99295637     -1.12607380
      1.66289000     25.65606426      3.40632345     -9.72656250       .00000074       .00003645      1.72654183     -1.39224818
      1.66289000     25.65603170      3.44736349     -9.84375000       .00000069       .00003498      1.46606100      4.63072860
      1.66289000     25.65599915      3.48840353     -9.96093750       .00000064       .00003360      1.21137085      4.37629048
      1.66289000     25.65596660      3.52944357    -10.07812500       .00000060       .00003231       .96233123      4.12743568
      1.66289000     25.65593405      3.57048361    -10.19531250       .00000057       .00003108       .71880455      3.88398510
      1.66289000     25.65590149      3.61152365    -10.31250000       .00000053       .00002993       .48065555      3.64576714
      1.66289000     25.65586894      3.65256370    -10.42968750       .00000050       .00002884       .24775119      3.41261737
      1.66289000     25.65583639      3.69360374    -10.54687500       .00000047       .00002781       .01996044      3.18437813
      1.66289000     25.65580384      3.73464378    -10.66406250       .00000044       .00002683      -.20284610      2.96089819
      1.66289000     25.65577129      3.77568382    -10.78125000       .00000042       .00002591      -.42079676      2.74203247
      1.66289000     25.65573873      3.81672386    -10.89843750       .00000040       .00002504      -.63401964      2.52764170
      1.66289000     25.65570618      3.85776390    -11.01562500       .00000037       .00002421      -.84264370      2.31759217
      1.66289000     25.65567363      3.89880394    -11.13281250       .00000036       .00002342     -1.04680014      2.11175549
      1.66289000     25.65564108      3.93984399    -11.25000000       .00000034       .00002267     -1.24662389      1.91000830
      1.66289000     25.65560853      3.98088403    -11.36718750       .00000032       .00002196     -1.44225538      1.71223210
      1.66289000     25.65557597      4.02192407    -11.48437500       .00000031       .00002129      4.64934306      1.51831301
      1.66289000     25.65554342      4.06296411    -11.60156250       .00000029       .00002064      4.46164430      1.32814159
      1.66289000     25.65551087      4.10400415    -11.71875000       .00000028       .00002003      4.27766692      1.14161260
      1.66289000     25.65547832      4.14504419    -11.83593750       .00000027       .00001944      4.09723301       .95862488
      1.66289000     25.65544577      4.18608423    -11.95312500       .00000026       .00001889      3.92015321       .77908111
      1.66289000     25.65541321      4.22712428    -12.07031250       .00000025       .00001835      3.74622729       .60288768
      1.66289000     25.65538066      4.26816432    -12.18750000       .00000024       .00001784      3.57524566       .42995444
      1.66289000     25.65534811      4.30920436    -12.30468750       .00000023       .00001736      3.40699212       .26019458
      1.66289000     25.65531556      4.35024440    -12.42187500       .00000022       .00001689      3.24124755       .09352443
      1.66289000     25.65528301      4.39128444    -12.53906250       .00000021       .00001645      3.07779476      -.07013678
      1.66289000     25.65525045      4.43232448    -12.65625000       .00000021       .00001602      2.91642419      -.23086704
      1.66289000     25.65521790      4.47336453    -12.77343750       .00000020       .00001561      2.75694022      -.38874183
      1.66289000     25.65518535      4.51440457    -12.89062500       .00000019       .00001522      2.59916777      -.54383426
      1.66289000     25.65515280      4.55544461    -13.00781250       .00000019       .00001484      2.44295895      -.69621531
      1.66289000     25.65512024      4.59648465    -13.12500000       .00000018       .00001448      2.28819941      -.84595400
      1.66289000     25.65508769      4.63752469    -13.24218750       .00000018       .00001414      2.13481409      -.99311756
      1.66289000     25.65505514      4.67856473    -13.35937500       .00000017       .00001381      1.98277241     -1.13777163
      1.66289000     25.65502259      4.71960477    -13.47656250       .00000017       .00001349      1.83209260     -1.27998034
      1.66289000     25.65499004      4.76064482    -13.59375000       .00000016       .00001318      1.68284532     -1.41980645
      1.66289000     25.65495748      4.80168486    -13.71093750       .00000015       .00001289      1.53515665     -1.55731142
      1.66289000     25.65492493      4.84272490    -13.82812500       .00000015       .00001261      1.38921021      4.59062990
      1.66289000     25.65489238      4.88376494    -13.94531250       .00000014       .00001234      1.24524873      4.45758804
      1.66289000     25.65485983      4.92480498    -14.06250000       .00000014       .00001208      1.10357445      4.32669083
      1.66289000     25.65482728      4.96584502    -14.17968750       .00000013       .00001182       .96454806      4.19788233
      1.66289000     25.65479472      5.00688507    -14.29687500       .00000012       .00001158       .82858517      4.07110823
      1.66289000     25.65476217      5.04792511    -14.41406250       .00000012       .00001135       .69614881      3.94631614
      1.66289000     25.65472962      5.08896515    -14.53125000       .00000011       .00001113       .56773573      3.82345573
      1.66289000     25.65469707      5.13000519    -14.64843750       .00000010       .00001091       .44385375      3.70247900
      1.66289000     25.65466452      5.17104523    -14.76562500       .00000009       .00001070       .32498659      3.58334049
      1.66289000     25.65463196      5.21208527    -14.88281250       .00000009       .00001050       .21154325      3.46599747
