      1.66289000     25.66273766     -5.25309667     15.00000000       .00000008       .00000007       .79436038     -1.46361672
      1.66289000     25.66270511     -5.21205686     14.88281250       .00000009       .00000007       .45513405      4.68762723
      1.66289000     25.66267256     -5.17101704     14.76562500       .00000009       .00000007       .12159419      4.55702923
      1.66289000     25.66264001     -5.12997722     14.64843750       .00000010       .00000006      -.20653619      4.42848670
      1.66289000     25.66260745     -5.08893740     14.53125000       .00000011       .00000006      -.52967263      4.30267371
      1.66289000     25.66257490     -5.04789758     14.41406250       .00000012       .00000005      -.84830244      4.18019356
      1.66289000     25.66254235     -5.00685777     14.29687500       .00000012       .00000005     -1.16293485      4.06152948
      1.66289000     25.66250980     -4.96581795     14.17968750       .00000013       .00000004     -1.47406650      3.94697767
      1.66289000     25.66247725     -4.92477813     14.06250000       .00000014       .00000004      4.50102597      3.83656718
      1.66289000     25.66244469     -4.88373831     13.94531250       .00000014       .00000004      4.19555803      3.72997852
      1.66289000     25.66241214     -4.84269850     13.82812500       .00000015       .00000004      3.89235636      3.62648304
      1.66289000     25.66237959     -4.80165868     13.71093750       .00000015       .00000003      3.59112097      3.52493100
      1.66289000     25.66234704     -4.76061886     13.59375000       .00000016       .00000003      3.29161149      3.42381197
      1.66289000     25.66231448     -4.71957904     13.47656250       .00000017       .00000003      2.99364667      3.32139237
      1.66289000     25.66228193     -4.67853922     13.35937500       .00000017       .00000003      2.69710285      3.21590605
      1.66289000     25.66224938     -4.63749941     13.24218750       .00000018       .00000003      2.40191172      3.10575085
      1.66289000     25.66221683     -4.59645959     13.12500000       .00000018       .00000003      2.10805739      2.98964083
      1.66289000     25.66218428     -4.55541977     13.00781250       .00000019       .00000003      1.81557267      2.86668406
      1.66289000     25.66215172     -4.51437995     12.89062500       .00000019       .00000004      1.52453475      2.73638455
      1.66289000     25.66211917     -4.47334014     12.77343750       .00000020       .00000004      1.23505994      2.59858892
      1.66289000     25.66208662     -4.43230032     12.65625000       .00000021       .00000004       .94729790      2.45340624
      1.66289000     25.66205407     -4.39126050     12.53906250       .00000021       .00000004       .66142523      2.30112443
      1.66289000     25.66202152     -4.35022068     12.42187500       .00000022       .00000004       .37763881      2.14213798
      1.66289000     25.66198896     -4.30918086     12.30468750       .00000023       .00000004       .09614918      1.97689246
      1.66289000     25.66195641     -4.26814105     12.18750000       .00000024       .00000004      -.18282581      1.80584609
      1.66289000     25.66192386     -4.22710123     12.07031250       .00000025       .00000005      -.45906664      1.62944555
      1.66289000     25.66189131     -4.18606141     11.95312500       .00000026       .00000005      -.73235696      1.44811272
      1.66289000     25.66185876     -4.14502159     11.83593750       .00000027       .00000005     -1.00248729      1.26223895
      1.66289000     25.66182620     -4.10398178     11.71875000       .00000028       .00000005     -1.26925767      1.07218459
      1.66289000     25.66179365     -4.06294196     11.60156250       .00000029       .00000005     -1.53247916       .87828164
      1.66289000     25.66176110     -4.02190214     11.48437500       .00000031       .00000005      4.49121096       .68083841
      1.66289000     25.66172855     -3.98086232     11.36718750       .00000032       .00000005      4.23560827       .48014525
      1.66289000     25.66169600     -3.93982251     11.25000000       .00000034       .00000005      3.98405401       .27648081
      1.66289000     25.66166344     -3.89878269     11.13281250       .00000036       .00000005      3.73669526       .07011854
      1.66289000     25.66163089     -3.85774287     11.01562500       .00000037       .00000005      3.49367196      -.13866697
      1.66289000     25.66159834     -3.81670305     10.89843750       .00000040       .00000005      3.25511861      -.34959379
      1.66289000     25.66156579     -3.77566323     10.78125000       .00000042       .00000005      3.02116599      -.56236675
      1.66289000     25.66153323     -3.73462342     10.66406250       .00000044       .00000005      2.79194275      -.77667193
      1.66289000     25.66150068     -3.69358360     10.54687500       .00000047       .00000006      2.56757675      -.99217134
      1.66289000     25.66146813     -3.65254378     10.42968750       .00000050       .00000006      2.34819614     -1.20849780
      1.66289000     25.66143558     -3.61150396     10.31250000       .00000053       .00000006      2.13393017     -1.42524962
      1.66289000     25.66140303     -3.57046415     10.19531250       .00000057       .00000006      1.92490981      4.64120070
      1.66289000     25.66137047     -3.52942433     10.07812500       .00000060       .00000006      1.72126804      4.42497270
      1.66289000     25.66133792     -3.48838451      9.96093750       .00000064       .00000006      1.52314009      4.20979996
      1.66289000     25.66130537     -3.44734469      9.84375000       .00000069       .00000005      1.33066355      3.99630345
      1.66289000     25.66127282     -3.40630487      9.72656250       .00000074       .00000005      1.14397853      3.78519839
      1.66289000     25.66124027     -3.36526506      9.60937500       .00000079       .00000005       .96322803      3.57732681
      1.66289000     25.66120771     -3.32422524      9.49218750       .00000085       .00000005       .78855866      3.37370693
      1.66289000     25.66117516     -3.28318542      9.37500000       .00000091       .00000005       .62012195      3.17560898
      1.66289000     25.66114261     -3.24214560      9.25781250       .00000098       .00000005       .45807649      2.98467257
      1.66289000     25.66111006     -3.20110579      9.14062500       .00000106       .00000004       .30259109      2.80309035
      1.66289000     25.66107751     -3.16006597      9.02343750       .00000114       .00000004       .15384916      2.63389773
      1.66289000     25.66104495     -3.11902615      8.90625000       .00000123       .00000004       .01205463      2.48142679
      1.66289000     25.66101240     -3.07798633      8.78906250       .00000133       .00000003      -.12256085      2.35198718
      1.66289000     25.66097985     -3.03694651      8.67187500       .00000144       .00000003      -.24972929      2.25473265
      1.66289000     25.66094730     -2.99590670      8.55468750       .00000156       .00000002      -.36913695      2.20210521
      1.66289000     25.66091475     -2.95486688      8.43750000       .00000169       .00000002      -.48041481      2.20732216
      1.66289000     25.66088219     -2.91382706      8.32031250       .00000184       .00000002      -.58313029      2.27333862
      1.66289000     25.66084964     -2.87278724      8.20312500       .00000199       .00000002      -.67678196      2.37481648
      1.66289000     25.66081709     -2.83174743      8.08593750       .00000216       .00000003      -.76079997      2.46289522
      1.66289000     25.66078454     -2.79070761      7.96875000       .00000234       .00000004      -.83455516      2.50342168
      1.66289000     25.66075198     -2.74966779      7.85156250       .00000254       .00000005      -.89738030      2.49352293
      1.66289000     25.66071943     -2.70862797      7.73437500       .00000276       .00000008      -.94860621      2.44594631
      1.66289000     25.66068688     -2.66758815      7.61718750       .00000300       .00000010      -.98761283      2.37504186
      1.66289000     25.66065433     -2.62654834      7.50000000       .00000327       .00000014     -1.01389024      2.29263215
      1.66289000     25.66062178     -2.58550852      7.38281250       .00000358       .00000017     -1.02709622      2.20823866
      1.66289000     25.66058922     -2.54446870      7.26562500       .00000394       .00000020     -1.02708796      2.13027450
      1.66289000     25.66055667     -2.50342888      7.14843750       .00000435       .00000022     -1.01390033      2.06727300
      1.66289000     25.66052412     -2.46238907      7.03125000       .00000482       .00000024      -.98764977      2.02898451
      1.66289000     25.66049157     -2.42134925      6.91406250       .00000538       .00000024      -.94836553      2.02703238
      1.66289000     25.66045902     -2.38030943      6.79687500       .00000601       .00000024      -.89578404      2.07385062
      1.66289000     25.66042646     -2.33926961      6.67968750       .00000672       .00000024      -.82917269      2.17694090
      1.66289000     25.66039391     -2.29822979      6.56250000       .00000752       .00000026      -.74726174      2.32734200
      1.66289000     25.66036136     -2.25718998      6.44531250       .00000841       .00000032      -.64835031      2.49516961
      1.66289000     25.66032881     -2.21615016      6.32812500       .00000939       .00000041      -.53061241      2.64945509
      1.66289000     25.66029626     -2.17511034      6.21093750       .00001052       .00000053      -.39254992      2.78121925
      1.66289000     25.66026370     -2.13407052      6.09375000       .00001183       .00000066      -.23341211      2.90276528
      1.66289000     25.66023115     -2.09303071      5.97656250       .00001340       .00000077      -.05328321      3.03631973
      1.66289000     25.66019860     -2.05199089      5.85937500       .00001526       .00000085       .14739999      3.20609740
      1.66289000     25.66016605     -2.01095107      5.74218750       .00001746       .00000093       .36876809      3.43016988
      1.66289000     25.66013350     -1.96991125      5.62500000       .00001999       .00000106       .61227468      3.70660541
      1.66289000     25.66010094     -1.92887143      5.50781250       .00002288       .00000130       .88059547      4.00823999
      1.66289000     25.66006839     -1.88783162      5.39062500       .00002623       .00000165      1.17649869      4.30887586
      1.66289000     25.66003584     -1.84679180      5.27343750       .00003023       .00000204      1.50143277      4.61145877
      1.66289000     25.66000329     -1.80575198      5.15625000       .00003509       .00000241      1.85527235     -1.34090019
      1.66289000     25.65997073     -1.76471216      5.03906250       .00004094       .00000280      2.23796218      -.95714130
      1.66289000     25.65993818     -1.72367235      4.92187500       .00004784       .00000336      2.65149631      -.52304584
      1.66289000     25.65990563     -1.68263253      4.80468750       .00005597       .00000424      3.09956219      -.06515398
      1.66289000     25.65987308     -1.64159271      4.68750000       .00006580       .00000531      3.58481844       .40811489
      1.66289000     25.65984053     -1.60055289      4.57031250       .00007792       .00000644      4.10761896       .92015058
      1.66289000     25.65980797     -1.55951307      4.45312500       .00009268       .00000785      4.66878268      1.48943143
      1.66289000     25.65977542     -1.51847326      4.33593750       .00011043       .00000992     -1.01117366      2.10145940
      1.66289000     25.65974287     -1.47743344      4.21875000       .00013220       .00001259      -.36215264      2.74369511
      1.66289000     25.65971032     -1.43639362      4.10156250       .00015937       .00001568       .33370592      3.43566526
      1.66289000     25.65967777     -1.39535380      3.98437500       .00019283       .00001983      1.07849711      4.18773584
      1.66289000     25.65964521     -1.35431399      3.86718750       .00023412       .00002557      1.87696240     -1.29780462
      1.66289000     25.65961266     -1.31327417      3.75000000       .00028617       .00003261      2.73174137      -.44647488
      1.66289000     25.65958011     -1.27223435      3.63281250       .00035131       .00004202      3.64522084       .47157071
      1.66289000     25.65954756     -1.23119453      3.51562500       .00043306       .00005485      4.62251669      1.44745820
      1.66289000     25.65951501     -1.19015472      3.39843750       .00053716       .00007128      -.61649073      2.49169810
      1.66289000     25.65948245     -1.14911490      3.28125000       .00066877       .00009395       .49874539      3.60890603
      1.66289000     25.65944990     -1.10807508      3.16406250       .00083721       .00012396      1.69007546     -1.48412145
      1.66289000     25.65941735     -1.06703526      3.04687500       .00105255       .00016487      2.96150137      -.21066734
      1.66289000     25.65938480     -1.02599544      2.92968750       .00132945       .00022030      4.31886861      1.14608935
      1.66289000     25.65935225      -.98495563      2.81250000       .00168603       .00029619      -.51622965      2.59570101
      1.66289000     25.65931969      -.94391581      2.69531250       .00214708       .00039982      1.02886513      4.14083865
      1.66289000     25.65928714      -.90287599      2.57812500       .00274305       .00054306      2.67675367      -.49348620
      1.66289000     25.65925459      -.86183617      2.46093750       .00351613       .00073969      4.43409563      1.26466752
      1.66289000     25.65922204      -.82079636      2.34375000       .00451739       .00101218       .02462746      3.13890931
      1.66289000     25.65918948      -.77975654      2.22656250       .00581400       .00138925      2.02183673     -1.14606403
      1.66289000     25.65915693      -.73871672      2.10937500       .00749077       .00191027      4.15026082       .98331816
      1.66289000     25.65912438      -.69767690      1.99218750       .00965115       .00263050       .13472321      3.25182906
      1.66289000     25.65909183      -.65663708      1.87500000       .01242116       .00362367      2.54989187      -.61523671
      1.66289000     25.65905928      -.61559727      1.75781250       .01595009       .00498692     -1.16196546      1.95714830
      1.66289000     25.65902672      -.57455745      1.64062500       .02040778       .00684671      1.57444342      4.69468433
      1.66289000     25.65899417      -.53351763      1.52343750       .02597797       .00936357      4.48506741      1.32330619
      1.66289000     25.65896162      -.49247781      1.40625000       .03284564       .01273477      1.29600043      4.41866614
      1.66289000     25.65892907      -.45143800      1.28906250       .04117609       .01719296      4.58295787      1.42374538
      1.66289000     25.65889652      -.41039818      1.17187500       .05108483       .02299815      1.78888546     -1.36895216
      1.66289000     25.65886396      -.36935836      1.05468750       .06259928       .03041934      -.79384971      2.33292463
      1.66289000     25.65883141      -.32831854       .93750000       .07561674       .03970190      3.12685532      -.02809002
      1.66289000     25.65879886      -.28727872       .82031250       .08986136       .05102400       .99313354      4.12291170
      1.66289000     25.65876631      -.24623891       .70312500       .10485202       .06444289      -.90384576      2.22751740
      1.66289000     25.65873376      -.20519909       .58593750       .11990583       .07982602      3.72639397       .57620123
      1.66289000     25.65870120      -.16415927       .46875000       .13415823       .09680990      2.32394820      -.82457799
      1.66289000     25.65866865      -.12311945       .35156250       .14664716       .11476159      1.17750066      4.31386784
      1.66289000     25.65863610      -.08207964       .23437500       .15641613       .13279940       .29147730      3.42957225
      1.66289000     25.65860355      -.04103982       .11718750       .16264734       .14985568      -.33088871      2.80894978
      1.66289000     25.65857100       .00000000       .00000000       .16478936       .16478855      -.68762582      2.45396632
      1.66289000     25.65853844       .04103982      -.11718750       .16264734       .17652911      -.77807107      2.36527605
      1.66289000     25.65850589       .08207964      -.23437500       .15641613       .18423154      -.60288743      2.54220692
      1.66289000     25.65847334       .12311945      -.35156250       .14664716       .18739308      -.16404643      2.98277629
      1.66289000     25.65844079       .16415927      -.46875000       .13415823       .18591663       .53521876      3.68374017
      1.66289000     25.65840823       .20519909      -.58593750       .11990583       .18010683      1.49048216      4.64067562
      1.66289000     25.65837568       .24623891      -.70312500       .10485202       .17060248      2.69624538      -.43511638
      1.66289000     25.65834313       .28727872      -.82031250       .08986136       .15825719      4.14604231      1.01626439
      1.66289000     25.65831058       .32831854      -.93750000       .07561674       .14402300      -.45060358      2.70433469
      1.66289000     25.65827803       .36935836     -1.05468750       .06259928       .12882257      1.46469435      4.62111801
      1.66289000     25.65824547       .41039818     -1.17187500       .05108483       .11346907      3.60024715       .47490386
      1.66289000     25.65821292       .45143800     -1.28906250       .04117609       .09861165      -.33604810      2.82314913
      1.66289000     25.65818037       .49247781     -1.40625000       .03284564       .08471593      2.21299740      -.90969342
      1.66289000     25.65814782       .53351763     -1.52343750       .02597797       .07207416     -1.32830329      1.83342849
      1.66289000     25.65811527       .57455745     -1.64062500       .02040778       .06083065      1.59707567     -1.52320292
      1.66289000     25.65808271       .61559727     -1.75781250       .01595009       .05101457      4.69666973      1.57750424
      1.66289000     25.65805016       .65663708     -1.87500000       .01242116       .04257352      1.67815940     -1.43994873
      1.66289000     25.65801761       .69767690     -1.99218750       .00965115       .03540347     -1.18419163      1.98189812
      1.66289000     25.65798506       .73871672     -2.10937500       .00749077       .02937261      2.38416362      -.73197012
      1.66289000     25.65795251       .77975654     -2.22656250       .00581400       .02433849      -.19144283      2.97647788
      1.66289000     25.65791995       .82079636     -2.34375000       .00451739       .02016024      3.64735085       .53288790
      1.66289000     25.65788740       .86183617     -2.46093750       .00351613       .01670772      1.32645135      4.49602101
      1.66289000     25.65785485       .90287599     -2.57812500       .00274305       .01386359      -.87807298      2.29221856
      1.66289000     25.65782230       .94391581     -2.69531250       .00214708       .01152364      3.31004143       .19779922
      1.66289000     25.65778975       .98495563     -2.81250000       .00168603       .00960120      1.31776429      4.48946936
      1.66289000     25.65775719      1.02599544     -2.92968750       .00132945       .00802083      -.57750512      2.59466578
      1.66289000     25.65772464      1.06703526     -3.04687500       .00105255       .00672125      3.90113058       .79088519
      1.66289000     25.65769209      1.10807508     -3.16406250       .00083721       .00565071      2.18252231      -.92739851
      1.66289000     25.65765954      1.14911490     -3.28125000       .00066877       .00476773       .54400988      3.71802172
      1.66289000     25.65762698      1.19015472     -3.39843750       .00053716       .00403712     -1.01840860      2.15589859
      1.66289000     25.65759443      1.23119453     -3.51562500       .00043306       .00343197      3.77341646       .66502181
      1.66289000     25.65756188      1.27223435     -3.63281250       .00035131       .00292834      2.34893825      -.75878253
      1.66289000     25.65752933      1.31327417     -3.75000000       .00028617       .00250861       .98827642      4.16365378
      1.66289000     25.65749678      1.35431399     -3.86718750       .00023412       .00215764      -.31368492      2.86247620
      1.66289000     25.65746422      1.39535380     -3.98437500       .00019283       .00186266     -1.55933257      1.61734423
      1.66289000     25.65743167      1.43639362     -4.10156250       .00015937       .00161448      3.53187919       .42500337
      1.66289000     25.65739912      1.47743344     -4.21875000       .00013220       .00140489      2.38883826      -.71735208
      1.66289000     25.65736657      1.51847326     -4.33593750       .00011043       .00122688      1.29263489      4.47061155
      1.66289000     25.65733402      1.55951307     -4.45312500       .00009268       .00107539       .24222355      3.41977316
      1.66289000     25.65730146      1.60055289     -4.57031250       .00007792       .00094625      -.76612252      2.41099345
      1.66289000     25.65726891      1.64159271     -4.68750000       .00006580       .00083560      4.54707990      1.44211386
      1.66289000     25.65723636      1.68263253     -4.80468750       .00005597       .00074027      3.61464128       .51089733
      1.66289000     25.65720381      1.72367235     -4.92187500       .00004784       .00065800      2.71939305      -.38477773
      1.66289000     25.65717126      1.76471216     -5.03906250       .00004094       .00058692      1.85867655     -1.24672080
      1.66289000     25.65713870      1.80575198     -5.15625000       .00003509       .00052529      1.02880436      4.20664076
      1.66289000     25.65710615      1.84679180     -5.27343750       .00003023       .00047154       .22778242      3.40731811
      1.66289000     25.65707360      1.88783162     -5.39062500       .00002623       .00042447      -.54433403      2.63685329
      1.66289000     25.65704105      1.92887143     -5.50781250       .00002288       .00038317     -1.28741960      1.89370575
      1.66289000     25.65700850      1.96991125     -5.62500000       .00001999       .00034692      4.28026255      1.17652847
      1.66289000     25.65697594      2.01095107     -5.74218750       .00001746       .00031501      3.58957360       .48413799
      1.66289000     25.65694339      2.05199089     -5.85937500       .00001526       .00028684      2.92102314      -.18457941
      1.66289000     25.65691084      2.09303071     -5.97656250       .00001340       .00026184      2.27315758      -.83073429
      1.66289000     25.65687829      2.13407052     -6.09375000       .00001183       .00023958      1.64584632     -1.45543609
      1.66289000     25.65684573      2.17511034     -6.21093750       .00001052       .00021969      1.03952614      4.22343216
      1.66289000     25.65681318      2.21615016     -6.32812500       .00000939       .00020191       .45428129      3.63851354
      1.66289000     25.65678063      2.25718998     -6.44531250       .00000841       .00018599      -.11063897      3.07210493
      1.66289000     25.65674808      2.29822979     -6.56250000       .00000752       .00017171      -.65673276      2.52340473
      1.66289000     25.65671553      2.33926961     -6.67968750       .00000672       .00015889     -1.18582607      1.99167292
      1.66289000     25.65668297      2.38030943     -6.79687500       .00000601       .00014733      4.58356552      1.47620631
      1.66289000     25.65665042      2.42134925     -6.91406250       .00000538       .00013690      4.08380168       .97632296
      1.66289000     25.65661787      2.46238907     -7.03125000       .00000482       .00012743      3.59733507       .49135748
      1.66289000     25.65658532      2.50342888     -7.14843750       .00000435       .00011883      3.12390215       .02066407
      1.66289000     25.65655277      2.54446870     -7.26562500       .00000394       .00011099      2.66353216      -.43637715
      1.66289000     25.65652021      2.58550852     -7.38281250       .00000358       .00010384      2.21634154      -.88035430
      1.66289000     25.65648766      2.62654834     -7.50000000       .00000327       .00009730      1.78236515     -1.31182033
      1.66289000     25.65645511      2.66758815     -7.61718750       .00000300       .00009131      1.36146020      4.55189285
      1.66289000     25.65642256      2.70862797     -7.73437500       .00000276       .00008582       .95328446      4.14393137
      1.66289000     25.65639001      2.74966779     -7.85156250       .00000254       .00008079       .55732801      3.74702796
      1.66289000     25.65635745      2.79070761     -7.96875000       .00000234       .00007616       .17297079      3.36075706
      1.66289000     25.65632490      2.83174743     -8.08593750       .00000216       .00007190      -.20045639      2.98471650
      1.66289000     25.65629235      2.87278724     -8.20312500       .00000199       .00006797      -.56362073      2.61852447
      1.66289000     25.65625980      2.91382706     -8.32031250       .00000184       .00006435      -.91715142      2.26181707
      1.66289000     25.65622725      2.95486688     -8.43750000       .00000169       .00006099     -1.26161831      1.91424663
      1.66289000     25.65619469      2.99590670     -8.55468750       .00000156       .00005789      4.68566250      1.57548041
      1.66289000     25.65616214      3.03694651     -8.67187500       .00000144       .00005501      4.35788779      1.24519977
      1.66289000     25.65612959      3.07798633     -8.78906250       .00000133       .00005233      4.03787387       .92309954
      1.66289000     25.65609704      3.11902615     -8.90625000       .00000123       .00004984      3.72530699       .60888754
      1.66289000     25.65606448      3.16006597     -9.02343750       .00000114       .00004752      3.41991916       .30228415
      1.66289000     25.65603193      3.20110579     -9.14062500       .00000106       .00004536      3.12147872       .00302192
      1.66289000     25.65599938      3.24214560     -9.25781250       .00000098       .00004333      2.82978177      -.28915494
      1.66289000     25.65596683      3.28318542     -9.37500000       .00000091       .00004144      2.54464487      -.57449090
      1.66289000     25.65593428      3.32422524     -9.49218750       .00000085       .00003967      2.26589921      -.85321970
      1.66289000     25.65590172      3.36526506     -9.60937500       .00000079       .00003801      1.99338622     -1.12556476
      1.66289000     25.65586917      3.40630487     -9.72656250       .00000074       .00003645      1.72695436     -1.39173968
      1.66289000     25.65583662      3.44734469     -9.84375000       .00000069       .00003498      1.46645702      4.63123654
      1.66289000     25.65580407      3.48838451     -9.96093750       .00000064       .00003360      1.21175120      4.37679784
      1.66289000     25.65577152      3.52942433    -10.07812500       .00000060       .00003231       .96269678      4.12794246
      1.66289000     25.65573896      3.57046415    -10.19531250       .00000057       .00003108       .71915619      3.88449128
      1.66289000     25.65570641      3.61150396    -10.31250000       .00000053       .00002993       .48099420      3.64627271
      1.66289000     25.65567386      3.65254378    -10.42968750       .00000050       .00002884       .24807780      3.41312231
      1.66289000     25.65564131      3.69358360    -10.54687500       .00000047       .00002781       .02027606      3.18488243
      1.66289000     25.65560876      3.73462342    -10.66406250       .00000044       .00002683      -.20254031      2.96140184
      1.66289000     25.65557620      3.77566323    -10.78125000       .00000042       .00002591      -.42049944      2.74253546
      1.66289000     25.65554365      3.81670305    -10.89843750       .00000040       .00002504      -.63372918      2.52814400
      1.66289000     25.65551110      3.85774287    -11.01562500       .00000037       .00002421      -.84235818      2.31809378
      1.66289000     25.65547855      3.89878269    -11.13281250       .00000036       .00002342     -1.04651724      2.11225637
      1.66289000     25.65544600      3.93982251    -11.25000000       .00000034       .00002267     -1.24634086      1.91050842
      1.66289000     25.65541344      3.98086232    -11.36718750       .00000032       .00002196     -1.44196896      1.71273144
      1.66289000     25.65538089      4.02190214    -11.48437500       .00000031       .00002129      4.64963668      1.51881153
      1.66289000     25.65534834      4.06294196    -11.60156250       .00000029       .00002064      4.46194950      1.32863923
      1.66289000     25.65531579      4.10398178    -11.71875000       .00000028       .00002003      4.27798862      1.14210932
      1.66289000     25.65528323      4.14502159    -11.83593750       .00000027       .00001945      4.09757665       .95912063
      1.66289000     25.65525068      4.18606141    -11.95312500       .00000026       .00001889      3.92052462       .77957584
      1.66289000     25.65521813      4.22710123    -12.07031250       .00000025       .00001835      3.74663258       .60338132
      1.66289000     25.65518558      4.26814105    -12.18750000       .00000024       .00001784      3.57569105       .43044694
      1.66289000     25.65515303      4.30918086    -12.30468750       .00000023       .00001736      3.40748367       .26068589
      1.66289000     25.65512047      4.35022068    -12.42187500       .00000022       .00001689      3.24179094       .09401449
      1.66289000     25.65508792      4.39126050    -12.53906250       .00000021       .00001645      3.07839499      -.06964800
      1.66289000     25.65505537      4.43230032    -12.65625000       .00000021       .00001602      2.91708531      -.23037957
      1.66289000     25.65502282      4.47334014    -12.77343750       .00000020       .00001561      2.75766498      -.38825567
      1.66289000     25.65499027      4.51437995    -12.89062500       .00000019       .00001522      2.59995743      -.54334941
      1.66289000     25.65495771      4.55541977    -13.00781250       .00000019       .00001484      2.44381299      -.69573174
      1.66289000     25.65492516      4.59645959    -13.12500000       .00000018       .00001448      2.28911535      -.84547164
      1.66289000     25.65489261      4.63749941    -13.24218750       .00000018       .00001414      2.13578732      -.99263632
      1.66289000     25.65486006      4.67853922    -13.35937500       .00000017       .00001381      1.98379609     -1.13729138
      1.66289000     25.65482751      4.71957904    -13.47656250       .00000017       .00001349      1.83315754     -1.27950093
      1.66289000     25.65479495      4.76061886    -13.59375000       .00000016       .00001318      1.68394000     -1.41932770
      1.66289000     25.65476240      4.80165868    -13.71093750       .00000015       .00001289      1.53626712     -1.55683311
      1.66289000     25.65472985      4.84269850    -13.82812500       .00000015       .00001261      1.39032015      4.59110799
      1.66289000     25.65469730      4.88373831    -13.94531250       .00000014       .00001234      1.24633946      4.45806616
      1.66289000     25.65466475      4.92477813    -14.06250000       .00000014       .00001208      1.10462503      4.32716924
      1.66289000     25.65463219      4.96581795    -14.17968750       .00000013       .00001183       .96553551      4.19836126
      1.66289000     25.65459964      5.00685777    -14.29687500       .00000012       .00001158       .82948481      4.07158793
      1.66289000     25.65456709      5.04789758    -14.41406250       .00000012       .00001135       .69693485      3.94679679
      1.66289000     25.65453454      5.08893740    -14.53125000       .00000011       .00001113       .56838230      3.82393748
      1.66289000     25.65450198      5.12997722    -14.64843750       .00000010       .00001091       .44433638      3.70296194
      1.66289000     25.65446943      5.17101704    -14.76562500       .00000009       .00001070       .32528440      3.58382464
      1.66289000     25.65443688      5.21205686    -14.88281250       .00000009       .00001050       .21164190      3.46648277
